Rk,Player,Pos,Age,Tm,G,GS,MP,FG,FGA,FG%,3P,3PA,3P%,2P,2PA,2P%,eFG%,FT,FTA,FT%,ORB,DRB,TRB,AST,STL,BLK,TOV,PF,PS/G
1,Alex Abrines\abrinal01,SG,23,OKC,59,6,15.3,1.9,4.8,.402,1.3,3.5,.379,0.6,1.4,.463,.538,0.7,0.8,.894,0.2,1.0,1.2,0.6,0.5,0.1,0.4,1.7,5.9
2,Quincy Acy\acyqu01,PF,26,TOT,29,1,13.9,2.0,4.4,.461,1.1,2.4,.464,0.9,2.0,.458,.586,1.2,1.7,.750,0.6,2.3,2.9,0.4,0.3,0.4,0.6,1.8,6.4
2,Quincy Acy\acyqu01,PF,26,DAL,6,0,8.0,0.8,2.8,.294,0.2,1.2,.143,0.7,1.7,.400,.324,0.3,0.5,.667,0.3,1.0,1.3,0.0,0.0,0.0,0.3,1.5,2.2
2,Quincy Acy\acyqu01,PF,26,BRK,23,1,15.4,2.3,4.8,.486,1.3,2.7,.500,1.0,2.1,.469,.626,1.5,2.0,.756,0.6,2.7,3.3,0.5,0.3,0.6,0.7,1.8,7.5
3,Steven Adams\adamsst01,C,23,OKC,68,68,30.3,4.9,8.4,.580,0.0,0.0,.000,4.9,8.4,.582,.580,2.1,3.3,.625,3.4,4.4,7.7,1.1,1.1,1.0,1.9,2.5,11.8
4,Arron Afflalo\afflaar01,SG,31,SAC,56,41,26.0,2.9,6.8,.432,1.0,2.5,.399,2.0,4.4,.451,.504,1.4,1.6,.898,0.2,1.8,2.0,1.2,0.4,0.1,0.6,1.7,8.3
5,Alexis Ajinca\ajincal01,C,28,NOP,31,12,14.0,1.9,3.9,.488,0.0,0.1,.000,1.9,3.8,.500,.488,0.7,1.0,.733,1.1,3.0,4.1,0.3,0.5,0.6,0.8,1.9,4.5
6,Cole Aldrich\aldrico01,C,28,MIN,58,0,8.7,0.7,1.3,.538,0.0,0.0,,0.7,1.3,.538,.538,0.3,0.4,.682,0.8,1.8,2.6,0.4,0.4,0.4,0.3,1.4,1.7
7,LaMarcus Aldridge\aldrila01,PF,31,SAS,61,61,32.4,6.9,14.5,.474,0.3,0.7,.442,6.6,13.8,.475,.484,3.3,4.0,.810,2.5,5.0,7.5,2.1,0.6,1.1,1.4,2.2,17.4
8,Lavoy Allen\allenla01,PF,27,IND,51,5,14.3,1.3,2.7,.457,0.0,0.0,.000,1.3,2.7,.460,.457,0.3,0.5,.652,1.4,1.8,3.3,0.9,0.3,0.4,0.5,1.2,2.8
9,Tony Allen\allento01,SG,35,MEM,61,56,27.4,3.9,8.5,.458,0.2,0.8,.304,3.7,7.7,.473,.472,1.2,2.0,.623,2.3,3.2,5.5,1.3,1.7,0.4,1.5,2.6,9.2
10,Al-Farouq Aminu\aminual01,SF,26,POR,49,23,29.1,2.9,7.5,.388,1.1,3.5,.324,1.8,4.0,.444,.463,1.4,1.9,.758,1.1,6.2,7.4,1.7,0.9,0.7,1.7,1.7,8.3
11,Chris Andersen\anderch01,C,38,CLE,12,0,9.5,0.8,1.8,.409,0.0,0.3,.000,0.8,1.6,.474,.409,0.8,1.2,.714,0.8,1.8,2.6,0.4,0.4,0.6,0.4,1.7,2.3
12,Alan Anderson\anderal01,SF,34,LAC,26,0,11.2,1.1,2.9,.382,0.5,1.6,.317,0.6,1.3,.457,.467,0.5,0.6,.750,0.1,0.8,0.9,0.4,0.1,0.0,0.3,1.1,3.2
13,Justin Anderson\anderju01,SF,23,TOT,63,2,14.8,2.3,5.4,.426,0.7,2.4,.296,1.6,3.0,.529,.491,1.2,1.6,.796,0.8,2.3,3.2,0.7,0.6,0.3,0.8,1.4,6.6
13,Justin Anderson\anderju01,SF,23,DAL,51,2,13.9,2.2,5.4,.401,0.7,2.4,.303,1.5,3.0,.477,.468,1.4,1.7,.795,0.8,2.2,2.9,0.6,0.5,0.3,0.8,1.3,6.5
13,Justin Anderson\anderju01,SF,23,PHI,12,0,18.6,2.9,5.5,.530,0.7,2.5,.267,2.3,3.0,.750,.591,0.7,0.8,.800,1.2,3.2,4.3,1.0,0.6,0.2,1.1,1.8,7.2
14,Kyle Anderson\anderky01,SG,23,SAS,60,12,13.2,1.2,2.6,.445,0.2,0.5,.419,0.9,2.1,.452,.487,0.6,0.8,.804,0.4,2.2,2.6,1.2,0.6,0.4,0.5,0.7,3.1
15,Ryan Anderson\anderry01,PF,28,HOU,67,67,29.8,4.4,10.7,.414,2.8,6.9,.399,1.7,3.8,.441,.542,1.9,2.2,.857,1.6,3.1,4.7,0.9,0.5,0.2,0.8,2.0,13.5
16,Giannis Antetokounmpo\antetgi01,SF,22,MIL,68,68,35.3,8.2,15.6,.526,0.6,2.3,.278,7.6,13.3,.570,.547,5.8,7.4,.782,1.8,6.6,8.4,5.4,1.7,1.9,3.0,3.3,22.9
17,Carmelo Anthony\anthoca01,SF,32,NYK,68,68,34.5,8.3,19.0,.436,2.1,5.8,.362,6.2,13.2,.468,.491,4.2,5.0,.830,0.9,5.1,6.0,2.9,0.8,0.5,2.1,2.7,22.8
18,Joel Anthony\anthojo01,C,34,SAS,15,0,5.7,0.5,0.9,.571,0.0,0.0,,0.5,0.9,.571,.571,0.1,0.1,1.000,0.5,1.0,1.5,0.1,0.1,0.2,0.2,0.7,1.2
19,Trevor Ariza\arizatr01,SF,31,HOU,71,71,34.4,4.0,9.8,.406,2.4,6.9,.350,1.5,2.8,.545,.530,1.1,1.5,.727,0.7,5.1,5.8,2.1,1.8,0.3,0.9,1.6,11.5
20,Darrell Arthur\arthuda01,PF,28,DEN,37,7,15.8,2.4,5.3,.451,1.3,2.8,.457,1.1,2.4,.444,.574,0.3,0.4,.846,0.6,2.2,2.8,1.1,0.4,0.5,0.9,1.9,6.4
21,Omer Asik\asikom01,C,30,NOP,31,19,15.5,1.0,2.1,.477,0.0,0.0,,1.0,2.1,.477,.477,0.7,1.3,.590,1.5,3.7,5.3,0.5,0.2,0.3,0.5,1.6,2.7
22,D.J. Augustin\augusdj01,PG,29,ORL,70,20,20.1,2.6,6.8,.385,1.3,3.6,.357,1.3,3.1,.417,.481,1.7,2.1,.807,0.2,1.3,1.5,2.8,0.4,0.0,1.1,1.3,8.2
23,Luke Babbitt\babbilu01,SF,27,MIA,61,48,15.7,1.7,4.1,.401,1.3,3.0,.422,0.4,1.1,.343,.556,0.2,0.2,.733,0.2,1.9,2.1,0.5,0.3,0.2,0.4,1.7,4.8
24,Ron Baker\bakerro01,SG,23,NYK,40,4,12.9,1.3,3.3,.376,0.5,1.4,.316,0.8,1.9,.421,.444,0.5,0.8,.625,0.2,1.4,1.6,1.5,0.6,0.1,0.9,1.2,3.5
25,Wade Baldwin\baldwwa01,PG,20,MEM,24,1,12.9,1.1,3.5,.310,0.1,0.8,.111,1.0,2.8,.364,.321,1.1,1.3,.844,0.3,1.1,1.4,2.0,0.6,0.3,1.3,1.3,3.4
26,Leandro Barbosa\barbole01,SG,34,PHO,64,0,13.8,2.5,5.6,.442,0.5,1.4,.363,2.0,4.2,.468,.488,0.5,0.6,.892,0.2,1.2,1.4,1.2,0.5,0.1,0.7,1.2,6.0
27,J.J. Barea\bareajo01,PG,32,DAL,24,5,23.1,4.3,10.1,.420,1.3,3.9,.330,3.0,6.2,.477,.484,1.5,1.8,.881,0.3,2.3,2.5,5.3,0.5,0.0,1.8,0.8,11.3
28,Harrison Barnes\barneha02,PF,24,DAL,69,69,35.7,7.9,16.7,.471,1.0,2.9,.345,6.9,13.9,.497,.501,3.1,3.6,.854,1.2,4.0,5.2,1.5,0.8,0.2,1.3,1.6,19.8
29,Matt Barnes\barnema02,SF,36,TOT,64,15,24.4,2.6,6.7,.384,1.2,3.8,.328,1.3,3.0,.455,.476,1.0,1.3,.775,1.0,4.4,5.4,2.7,0.7,0.4,1.5,2.5,7.4
29,Matt Barnes\barnema02,SF,36,SAC,54,13,25.3,2.7,7.1,.384,1.3,3.9,.327,1.4,3.2,.453,.474,0.9,1.2,.758,1.0,4.5,5.5,2.8,0.7,0.3,1.5,2.6,7.6
29,Matt Barnes\barnema02,SF,36,GSW,10,2,19.3,1.8,4.7,.383,1.0,3.0,.333,0.8,1.7,.471,.489,1.2,1.4,.857,1.0,4.0,5.0,2.2,0.6,0.6,1.4,2.5,5.8
30,Will Barton\bartowi01,SG,26,DEN,56,19,28.7,4.9,11.1,.443,1.5,4.0,.377,3.4,7.1,.480,.511,2.4,3.3,.745,1.0,3.4,4.4,3.5,0.8,0.5,1.7,1.9,13.7
31,Brandon Bass\bassbr01,PF,31,LAC,46,0,11.4,2.1,3.7,.580,0.0,0.1,.333,2.1,3.6,.584,.583,1.3,1.5,.853,0.8,1.7,2.5,0.4,0.3,0.2,0.6,0.8,5.5
32,Nicolas Batum\batumni01,SG,28,CHO,65,65,34.6,5.1,12.7,.403,1.8,5.3,.346,3.3,7.3,.444,.476,3.3,3.8,.858,0.7,6.0,6.7,5.9,1.0,0.4,2.6,1.5,15.3
33,Jerryd Bayless\bayleje01,PG,28,PHI,3,1,23.7,3.7,10.7,.344,0.7,1.7,.400,3.0,9.0,.333,.375,3.0,3.3,.900,1.0,3.0,4.0,4.3,0.0,0.0,3.0,1.3,11.0
34,Aron Baynes\baynear01,C,30,DET,67,2,15.2,1.9,3.7,.504,0.0,0.0,,1.9,3.7,.504,.504,1.1,1.3,.845,1.4,2.9,4.3,0.4,0.3,0.5,0.6,2.1,4.8
35,Kent Bazemore\bazemke01,SF,27,ATL,67,64,27.4,4.1,10.1,.407,1.2,3.6,.336,2.9,6.4,.447,.467,1.6,2.3,.711,0.6,2.5,3.1,2.4,1.2,0.7,1.7,2.2,11.0
36,Bradley Beal\bealbr01,SG,23,WAS,66,66,34.8,8.2,17.1,.481,3.0,7.3,.405,5.3,9.8,.537,.567,3.6,4.4,.822,0.7,2.4,3.1,3.5,1.0,0.2,2.0,2.2,23.1
37,Malik Beasley\beaslma01,SG,20,DEN,19,0,4.7,1.0,2.3,.432,0.3,0.9,.353,0.7,1.4,.481,.500,0.3,0.4,.750,0.1,0.4,0.5,0.3,0.2,0.0,0.3,0.3,2.6
38,Michael Beasley\beaslmi01,PF,28,MIL,50,5,17.1,4.0,7.3,.544,0.3,0.8,.421,3.6,6.5,.558,.566,1.4,2.0,.727,0.7,2.9,3.6,1.0,0.5,0.5,1.3,1.7,9.7
39,Marco Belinelli\belinma01,SG,30,CHO,65,0,24.3,3.5,8.4,.419,1.4,3.8,.359,2.2,4.6,.470,.501,1.9,2.1,.884,0.2,2.2,2.4,2.0,0.6,0.1,1.0,1.2,10.3
40,DeAndre' Bembry\bembrde01,SF,22,ATL,31,0,9.6,1.3,2.7,.476,0.0,0.5,.000,1.3,2.3,.571,.476,0.2,0.5,.429,0.3,1.1,1.4,0.7,0.2,0.1,0.3,0.5,2.8
41,Dragan Bender\bendedr01,PF,19,PHO,38,0,12.7,1.2,3.3,.371,0.7,2.1,.321,0.5,1.1,.465,.476,0.1,0.2,.375,0.4,1.7,2.2,0.4,0.2,0.5,0.7,1.6,3.2
42,Anthony Bennett\bennean01,PF,23,BRK,23,1,11.5,1.7,4.0,.413,0.6,2.1,.271,1.1,1.9,.568,.484,1.1,1.6,.722,1.1,2.3,3.4,0.5,0.2,0.1,0.5,0.8,5.0
43,Ben Bentil\bentibe01,PF,21,DAL,3,0,3.3,0.0,1.0,.000,0.0,0.3,.000,0.0,0.7,.000,.000,0.0,0.0,,0.0,0.7,0.7,0.0,0.0,0.0,0.3,0.3,0.0
44,Davis Bertans\bertada01,PF,24,SAS,57,4,11.7,1.5,3.3,.441,0.9,2.4,.394,0.5,0.9,.569,.585,0.5,0.6,.818,0.3,1.2,1.5,0.7,0.3,0.4,0.5,1.2,4.3
45,Patrick Beverley\beverpa01,SG,28,HOU,57,57,30.6,3.3,8.0,.414,1.7,4.3,.388,1.6,3.7,.445,.519,1.0,1.3,.819,1.4,4.4,5.8,4.2,1.6,0.4,1.4,3.4,9.3
46,Bismack Biyombo\biyombi01,C,24,ORL,70,27,23.1,2.3,4.3,.523,0.0,0.0,,2.3,4.3,.523,.523,1.5,3.0,.507,2.0,5.3,7.3,0.9,0.3,1.2,1.2,2.5,6.1
47,Nemanja Bjelica\bjeline01,PF,28,MIN,65,1,18.3,2.3,5.5,.424,0.9,2.7,.316,1.5,2.8,.531,.503,0.7,0.9,.738,0.9,2.9,3.8,1.2,0.6,0.3,0.9,2.4,6.2
48,Tarik Black\blackta01,C,25,LAL,56,16,16.0,2.2,4.4,.500,0.0,0.0,.500,2.2,4.4,.500,.502,1.3,1.8,.730,2.3,2.9,5.2,0.6,0.4,0.6,0.9,2.7,5.7
49,Eric Bledsoe\bledser01,PG,27,PHO,66,66,33.0,6.8,15.7,.433,1.6,4.7,.337,5.2,11.0,.475,.484,5.9,6.9,.847,0.8,4.1,4.8,6.3,1.4,0.5,3.4,2.5,21.1
50,Bojan Bogdanovic\bogdabo02,SF,27,TOT,70,54,26.5,4.9,10.9,.447,1.9,5.1,.373,3.0,5.8,.512,.534,2.9,3.2,.889,0.5,3.0,3.5,1.4,0.4,0.1,1.7,1.9,14.5
50,Bojan Bogdanovic\bogdabo02,SF,27,BRK,55,54,26.9,4.9,11.1,.440,1.8,5.0,.357,3.1,6.1,.509,.521,2.7,3.0,.874,0.4,3.2,3.6,1.6,0.4,0.1,1.7,1.8,14.2
50,Bojan Bogdanovic\bogdabo02,SF,27,WAS,15,0,24.9,4.7,9.9,.477,2.2,5.1,.429,2.5,4.8,.528,.587,3.6,3.9,.931,0.8,2.2,3.0,0.7,0.4,0.2,1.6,2.1,15.3
51,Andrew Bogut\bogutan01,C,32,TOT,27,21,21.6,1.4,3.0,.469,0.0,0.0,.000,1.4,3.0,.475,.469,0.1,0.4,.273,2.1,6.0,8.1,1.8,0.5,0.9,1.6,3.2,2.9
51,Andrew Bogut\bogutan01,C,32,DAL,26,21,22.4,1.5,3.1,.469,0.0,0.0,.000,1.5,3.1,.475,.469,0.1,0.4,.273,2.2,6.2,8.4,1.9,0.5,1.0,1.7,3.2,3.0
51,Andrew Bogut\bogutan01,C,32,CLE,1,0,1.0,0.0,0.0,,0.0,0.0,,0.0,0.0,,,0.0,0.0,,0.0,0.0,0.0,0.0,0.0,0.0,0.0,2.0,0.0
52,Joel Bolomboy\bolomjo01,PF,23,UTA,10,0,3.5,0.7,1.2,.583,0.0,0.2,.000,0.7,1.0,.700,.583,0.2,0.4,.500,0.1,1.1,1.2,0.2,0.1,0.1,0.2,0.1,1.6
53,Devin Booker\bookede01,SG,20,PHO,68,68,34.6,7.5,17.6,.424,1.8,5.0,.369,5.6,12.6,.446,.477,4.2,5.1,.828,0.6,2.5,3.1,3.2,0.8,0.3,2.9,3.1,20.9
54,Trevor Booker\booketr01,PF,29,BRK,61,43,25.8,4.4,8.4,.522,0.3,1.1,.294,4.1,7.3,.557,.542,1.1,1.7,.657,2.1,6.3,8.4,2.1,1.1,0.4,1.8,2.2,10.2
55,Avery Bradley\bradlav01,SG,26,BOS,47,47,33.2,6.8,14.4,.471,2.1,5.1,.412,4.7,9.3,.503,.544,1.2,1.7,.734,1.1,5.1,6.2,2.3,1.3,0.2,1.7,2.5,16.9
56,Corey Brewer\breweco01,SF,30,TOT,70,8,15.4,1.7,4.0,.418,0.3,1.5,.226,1.3,2.5,.534,.461,0.5,0.7,.735,0.4,1.7,2.0,1.1,0.7,0.2,0.6,1.7,4.2
56,Corey Brewer\breweco01,SF,30,HOU,58,8,15.9,1.6,3.9,.414,0.4,1.6,.234,1.2,2.3,.541,.463,0.6,0.8,.727,0.4,1.6,2.0,1.1,0.6,0.2,0.6,1.8,4.2
56,Corey Brewer\breweco01,SF,30,LAL,12,0,12.9,2.0,4.6,.436,0.2,1.0,.167,1.8,3.6,.512,.455,0.3,0.4,.800,0.4,1.9,2.3,1.2,0.8,0.3,0.8,1.1,4.5
57,Malcolm Brogdon\brogdma01,SG,24,MIL,67,20,26.2,3.7,8.4,.446,1.1,2.6,.408,2.7,5.8,.464,.510,1.5,1.8,.857,0.6,2.1,2.7,4.1,1.1,0.1,1.5,1.9,10.0
58,Aaron Brooks\brookaa01,PG,32,IND,53,0,13.2,1.8,4.5,.399,0.7,2.0,.333,1.1,2.5,.451,.473,0.4,0.6,.767,0.3,0.8,1.0,2.0,0.4,0.2,1.0,1.3,4.7
59,Anthony Brown\brownan02,SF,24,TOT,11,0,14.5,1.6,4.5,.360,0.6,2.5,.259,1.0,2.1,.478,.430,0.0,0.0,,0.7,2.3,3.0,0.7,0.5,0.1,0.5,1.4,3.9
59,Anthony Brown\brownan02,SF,24,NOP,9,0,15.9,1.6,4.6,.341,0.7,2.7,.250,0.9,1.9,.471,.415,0.0,0.0,,0.7,2.2,2.9,0.7,0.6,0.1,0.6,1.4,3.8
59,Anthony Brown\brownan02,SF,24,ORL,2,0,8.0,2.0,4.5,.444,0.5,1.5,.333,1.5,3.0,.500,.500,0.0,0.0,,1.0,2.5,3.5,1.0,0.0,0.0,0.5,1.0,4.5
60,Bobby Brown\brownbo02,PG,32,HOU,22,0,3.0,0.5,1.6,.333,0.3,0.9,.350,0.2,0.7,.313,.431,0.0,0.0,,0.0,0.2,0.2,0.1,0.0,0.0,0.1,0.1,1.4
61,Jaylen Brown\brownja02,SF,20,BOS,67,17,16.9,2.4,5.3,.448,0.5,1.6,.336,1.8,3.7,.496,.499,1.1,1.7,.675,0.6,2.3,2.9,0.7,0.5,0.2,0.9,1.8,6.4
62,Nicolas Brussino\brussni01,SF,23,DAL,44,0,7.5,0.7,1.8,.367,0.4,1.3,.291,0.3,0.5,.542,.468,0.2,0.2,.700,0.3,1.0,1.4,0.7,0.3,0.1,0.3,0.7,1.8
63,Reggie Bullock\bullore01,SF,25,DET,23,3,13.2,1.4,3.6,.390,0.5,1.9,.279,0.9,1.7,.513,.463,0.2,0.3,.714,0.3,1.5,1.9,0.8,0.4,0.1,0.3,0.7,3.5
64,Trey Burke\burketr01,PG,24,WAS,54,0,12.3,2.0,4.4,.442,0.5,1.1,.419,1.5,3.3,.449,.496,0.4,0.5,.741,0.1,0.7,0.8,1.7,0.2,0.1,0.8,1.0,4.8
65,Alec Burks\burksal01,SG,25,UTA,35,0,15.9,2.6,6.3,.414,0.7,2.0,.333,2.0,4.4,.451,.466,1.6,2.1,.778,0.5,2.3,2.8,0.7,0.5,0.1,0.9,1.3,7.5
66,Jimmy Butler\butleji01,SF,27,CHI,64,63,36.7,7.2,16.3,.442,1.2,3.4,.338,6.0,12.9,.470,.477,7.7,8.9,.870,1.7,4.5,6.2,5.2,1.9,0.4,2.1,1.5,23.3
67,Bruno Caboclo\cabocbr01,SF,21,TOR,8,0,2.9,0.1,0.6,.200,0.1,0.4,.333,0.0,0.3,.000,.300,0.0,0.0,,0.4,0.4,0.8,0.4,0.3,0.0,0.3,0.4,0.4
68,Jose Calderon\caldejo01,PG,35,TOT,31,11,12.0,1.2,3.0,.413,0.5,1.4,.318,0.8,1.5,.500,.489,0.3,0.3,.889,0.3,1.3,1.6,2.0,0.3,0.0,1.0,1.0,3.2
68,Jose Calderon\caldejo01,PG,35,LAL,24,11,12.2,1.3,3.2,.416,0.5,1.4,.353,0.8,1.8,.465,.494,0.2,0.2,1.000,0.3,1.4,1.7,2.1,0.3,0.0,1.1,0.9,3.3
68,Jose Calderon\caldejo01,PG,35,ATL,7,0,11.6,0.9,2.1,.400,0.3,1.4,.200,0.6,0.7,.800,.467,0.6,0.7,.800,0.1,1.1,1.3,1.7,0.3,0.0,0.6,1.3,2.6
69,Kentavious Caldwell-Pope\caldwke01,SG,23,DET,65,65,33.8,5.0,12.2,.410,2.1,5.7,.371,2.9,6.5,.443,.496,2.0,2.5,.831,0.8,2.5,3.3,2.7,1.2,0.2,1.1,1.6,14.2
70,Isaiah Canaan\canaais01,SG,25,CHI,35,0,16.5,1.8,4.8,.371,0.7,2.6,.267,1.1,2.2,.494,.443,0.8,0.9,.903,0.2,1.2,1.3,1.0,0.6,0.0,0.5,1.0,5.0
71,Clint Capela\capelca01,C,22,HOU,56,50,23.5,5.5,8.6,.638,0.0,0.0,,5.5,8.6,.638,.638,1.5,2.8,.535,2.6,5.2,7.8,0.9,0.5,1.2,1.3,2.8,12.4
72,DeMarre Carroll\carrode01,SF,30,TOR,62,62,27.0,3.2,7.9,.408,1.5,4.5,.343,1.7,3.4,.493,.505,1.3,1.7,.755,1.0,3.1,4.1,1.0,1.2,0.4,0.7,2.0,9.2
73,Vince Carter\cartevi01,SG,40,MEM,62,4,24.0,2.6,6.7,.393,1.5,3.9,.373,1.2,2.8,.421,.502,1.2,1.6,.735,0.5,2.6,3.0,1.8,0.9,0.5,0.6,2.3,7.9
74,Michael Carter-Williams\cartemi01,PG,25,CHI,33,19,20.6,2.8,7.3,.388,0.3,1.5,.220,2.5,5.8,.432,.410,1.6,2.1,.743,0.6,3.4,4.0,2.5,0.8,0.5,1.7,2.4,7.5
75,Omri Casspi\casspom01,SF,28,TOT,23,2,18.3,2.5,5.5,.460,0.6,1.4,.394,2.0,4.0,.484,.512,0.5,0.9,.571,0.9,3.1,4.0,1.1,0.4,0.0,0.8,1.1,6.1
75,Omri Casspi\casspom01,SF,28,SAC,22,2,18.0,2.4,5.3,.453,0.5,1.3,.379,1.9,4.0,.477,.500,0.5,1.0,.571,0.9,3.2,4.1,1.2,0.5,0.0,0.8,1.0,5.9
75,Omri Casspi\casspom01,SF,28,NOP,1,0,24.0,5.0,9.0,.556,2.0,4.0,.500,3.0,5.0,.600,.667,0.0,0.0,,1.0,1.0,2.0,0.0,0.0,0.0,2.0,3.0,12.0
76,Willie Cauley-Stein\caulewi01,C,23,SAC,63,9,17.0,3.0,5.7,.530,0.0,0.0,.000,3.0,5.7,.533,.530,1.2,1.9,.650,1.0,2.5,3.5,0.9,0.6,0.6,0.9,1.9,7.3
77,Tyson Chandler\chandty01,C,34,PHO,47,46,27.6,3.3,4.9,.671,0.0,0.0,,3.3,4.9,.671,.671,1.9,2.6,.734,3.3,8.2,11.5,0.6,0.7,0.5,1.4,2.7,8.4
78,Wilson Chandler\chandwi01,SF,29,DEN,60,27,31.1,6.2,13.6,.456,1.6,4.7,.333,4.7,9.0,.520,.513,2.1,2.9,.733,1.5,5.1,6.6,2.1,0.8,0.4,1.7,2.4,16.1
79,Marquese Chriss\chrisma01,PF,19,PHO,70,63,20.2,3.2,7.2,.444,0.8,2.6,.326,2.4,4.7,.509,.502,1.2,1.9,.615,1.1,2.7,3.9,0.7,0.8,0.8,1.1,3.2,8.5
80,Rakeem Christmas\chrisra01,PF,25,IND,20,0,8.7,0.9,1.8,.472,0.0,0.0,,0.9,1.8,.472,.472,0.9,1.1,.810,1.1,1.4,2.5,0.2,0.2,0.3,0.4,1.4,2.6
81,Semaj Christon\chrisse01,PG,24,OKC,52,0,14.3,1.2,3.5,.344,0.2,0.9,.184,1.0,2.5,.405,.369,0.3,0.5,.481,0.3,1.0,1.3,2.1,0.4,0.1,0.7,1.2,2.8
82,Ian Clark\clarkia01,SG,25,GSW,65,0,14.0,2.6,5.3,.500,0.8,2.0,.414,1.8,3.2,.555,.580,0.6,0.8,.736,0.3,1.2,1.5,1.1,0.5,0.1,0.6,0.9,6.7
83,Jordan Clarkson\clarkjo01,SG,24,LAL,70,7,28.4,5.8,12.9,.449,1.3,4.1,.318,4.5,8.8,.510,.499,1.7,2.2,.801,0.6,2.3,2.9,2.3,1.2,0.1,2.0,1.8,14.6
84,Norris Cole\coleno01,PG,28,OKC,6,0,9.5,1.3,3.8,.348,0.2,0.8,.200,1.2,3.0,.389,.370,0.3,0.3,1.000,0.0,0.8,0.8,1.3,0.3,0.0,1.2,1.0,3.2
85,Darren Collison\collida01,PG,29,SAC,61,57,30.6,5.0,10.7,.471,1.1,2.8,.417,3.9,8.0,.490,.524,2.0,2.3,.860,0.4,1.9,2.2,4.4,1.0,0.1,1.6,1.8,13.3
86,Nick Collison\collini01,PF,36,OKC,14,0,5.8,0.4,0.7,.600,0.0,0.0,,0.4,0.7,.600,.600,0.3,0.5,.571,0.3,0.7,1.0,0.6,0.1,0.1,0.2,0.6,1.1
87,Mike Conley\conlemi01,PG,29,MEM,58,57,33.3,6.5,14.4,.451,2.4,5.9,.405,4.1,8.5,.483,.533,4.7,5.5,.849,0.5,3.1,3.6,6.3,1.4,0.3,2.2,1.8,20.0
88,Pat Connaughton\connapa01,SG,24,POR,31,0,7.2,0.7,1.4,.488,0.3,0.5,.471,0.4,0.8,.500,.581,0.2,0.3,.778,0.3,0.9,1.2,0.5,0.1,0.1,0.3,0.5,1.8
89,Quinn Cook\cookqu01,PG,23,TOT,6,0,13.0,1.8,4.3,.423,0.8,2.5,.333,1.0,1.8,.545,.519,0.0,0.3,.000,0.0,0.5,0.5,2.2,0.2,0.0,1.3,1.0,4.5
89,Quinn Cook\cookqu01,PG,23,DAL,5,0,15.4,2.2,5.0,.440,1.0,2.8,.357,1.2,2.2,.545,.540,0.0,0.4,.000,0.0,0.6,0.6,2.4,0.2,0.0,1.6,1.2,5.4
89,Quinn Cook\cookqu01,PG,23,NOP,1,0,1.0,0.0,1.0,.000,0.0,1.0,.000,0.0,0.0,,.000,0.0,0.0,,0.0,0.0,0.0,1.0,0.0,0.0,0.0,0.0,0.0
90,DeMarcus Cousins\couside01,C,26,TOT,66,66,34.0,8.8,19.7,.449,1.7,4.8,.346,7.2,14.9,.482,.491,7.2,9.3,.765,2.1,8.8,10.8,4.6,1.4,1.2,3.8,3.8,26.5
90,DeMarcus Cousins\couside01,C,26,SAC,55,55,34.4,9.2,20.3,.451,1.7,4.9,.354,7.5,15.5,.482,.494,7.7,10.0,.770,2.1,8.6,10.7,4.8,1.4,1.3,3.8,3.7,27.8
90,DeMarcus Cousins\couside01,C,26,NOP,11,11,32.3,7.2,16.6,.432,1.4,4.5,.300,5.8,12.1,.481,.473,4.5,6.2,.721,2.0,9.7,11.7,3.5,1.6,0.8,3.8,4.3,20.2
91,Robert Covington\covinro01,SF,26,PHI,63,63,31.7,4.3,10.9,.396,2.1,6.2,.338,2.2,4.7,.472,.492,2.0,2.5,.816,1.4,5.1,6.5,1.6,1.9,1.0,2.0,3.0,12.8
92,Allen Crabbe\crabbal01,SG,24,POR,69,7,28.5,3.7,8.0,.466,1.6,3.7,.437,2.1,4.3,.490,.565,1.5,1.7,.856,0.2,2.6,2.8,1.2,0.6,0.1,0.8,2.2,10.5
93,Jamal Crawford\crawfja01,SG,36,LAC,71,1,26.4,4.4,10.7,.409,1.4,3.9,.354,3.0,6.8,.440,.473,2.0,2.4,.851,0.2,1.4,1.6,2.7,0.7,0.2,1.8,1.5,12.2
94,Jordan Crawford\crawfjo02,SG,28,NOP,7,0,22.4,5.7,11.1,.513,2.7,5.4,.500,3.0,5.7,.525,.635,0.1,0.4,.333,0.3,2.0,2.3,2.7,0.4,0.0,1.0,1.6,14.3
95,Jae Crowder\crowdja01,SF,26,BOS,61,61,32.4,4.5,9.9,.450,2.2,5.6,.397,2.2,4.3,.517,.561,2.4,2.9,.842,0.7,5.1,5.8,2.2,1.0,0.3,1.0,2.2,13.6
96,Dante Cunningham\cunnida01,SF,29,NOP,55,29,25.3,2.5,5.5,.462,1.1,2.8,.379,1.5,2.7,.547,.558,0.3,0.4,.609,0.9,3.4,4.2,0.6,0.6,0.4,0.5,1.5,6.4
97,Seth Curry\curryse01,PG,26,DAL,65,37,29.0,4.8,10.0,.479,1.9,4.6,.424,2.8,5.4,.526,.576,1.2,1.4,.835,0.4,2.2,2.6,2.7,1.2,0.1,1.3,1.8,12.7
98,Stephen Curry\curryst01,PG,28,GSW,68,68,33.5,8.4,18.2,.462,4.0,9.9,.400,4.4,8.3,.537,.571,4.2,4.6,.917,0.8,3.7,4.4,6.3,1.7,0.2,3.0,2.4,25.0
99,Troy Daniels\danietr01,SG,25,MEM,55,3,16.8,2.7,7.2,.372,2.0,5.1,.383,0.7,2.1,.345,.509,0.7,0.9,.800,0.3,1.1,1.4,0.6,0.4,0.1,0.6,1.4,8.0
100,Anthony Davis\davisan02,C,23,NOP,66,66,36.1,10.1,20.1,.502,0.5,1.7,.313,9.6,18.4,.519,.515,7.1,8.9,.797,2.3,9.5,11.8,2.2,1.2,2.3,2.5,2.3,27.8
101,Deyonta Davis\davisde01,C,20,MEM,30,0,6.4,0.7,1.4,.537,0.0,0.0,,0.7,1.4,.537,.537,0.3,0.6,.556,0.6,1.2,1.7,0.1,0.0,0.5,0.3,1.0,1.8
102,Ed Davis\davised01,PF,27,POR,46,12,17.2,1.6,3.1,.528,0.0,0.0,,1.6,3.1,.528,.528,1.1,1.8,.617,2.1,3.2,5.3,0.6,0.3,0.5,0.8,3.0,4.3
103,Dewayne Dedmon\dedmode01,C,27,SAS,63,24,17.4,2.2,3.4,.648,0.0,0.0,,2.2,3.4,.648,.648,0.9,1.2,.737,1.6,4.8,6.4,0.6,0.5,0.8,0.8,2.4,5.3
104,Sam Dekker\dekkesa01,SF,22,HOU,71,1,18.5,2.7,5.8,.474,0.8,2.5,.313,1.9,3.2,.600,.543,0.5,0.9,.561,1.3,2.4,3.7,1.0,0.5,0.3,0.6,1.1,6.8
105,Malcolm Delaney\delanma01,PG,27,ATL,66,2,17.3,2.0,5.4,.378,0.3,1.5,.232,1.7,3.9,.434,.410,1.0,1.2,.805,0.2,1.5,1.7,2.6,0.5,0.0,1.3,1.6,5.4
106,Matthew Dellavedova\dellama01,PG,26,MIL,64,49,26.6,2.8,7.2,.391,1.0,2.9,.366,1.8,4.3,.407,.464,1.2,1.4,.843,0.3,1.6,2.0,4.9,0.7,0.0,1.9,2.0,7.8
107,Luol Deng\denglu01,SF,31,LAL,56,49,26.5,2.9,7.6,.386,0.9,2.9,.311,2.0,4.7,.433,.446,0.8,1.1,.730,1.1,4.1,5.3,1.3,0.9,0.4,0.8,1.1,7.6
108,DeMar DeRozan\derozde01,SG,27,TOR,63,63,35.2,9.6,20.6,.464,0.4,1.7,.260,9.1,19.0,.482,.474,7.2,8.5,.851,0.9,4.4,5.3,3.7,1.1,0.2,2.4,1.8,26.8
109,Cheick Diallo\diallch01,PF,20,NOP,11,0,8.8,1.5,3.7,.415,0.0,0.0,,1.5,3.7,.415,.415,0.6,0.9,.700,1.2,1.9,3.1,0.3,0.3,0.3,0.2,0.8,3.7
110,Boris Diaw\diawbo01,PF,34,UTA,62,22,17.5,1.9,4.4,.441,0.3,1.1,.246,1.6,3.2,.507,.472,0.4,0.5,.710,0.6,1.4,2.0,2.1,0.2,0.1,1.3,1.1,4.5
111,Gorgui Dieng\dienggo01,PF,27,MIN,69,69,31.7,4.1,8.1,.500,0.2,0.5,.344,3.9,7.7,.509,.510,1.6,2.0,.793,2.3,5.6,7.9,1.8,1.1,1.1,1.3,3.1,9.8
112,Spencer Dinwiddie\dinwisp01,PG,23,BRK,46,16,22.5,2.2,5.0,.433,0.6,1.5,.394,1.6,3.5,.450,.494,2.0,2.5,.807,0.4,2.3,2.6,3.2,0.6,0.3,1.2,2.2,7.0
113,Toney Douglas\douglto01,PG,30,MEM,24,0,16.4,1.8,4.9,.368,0.3,1.8,.167,1.5,3.1,.480,.397,1.0,1.2,.828,0.5,2.0,2.5,2.3,0.8,0.2,0.9,2.1,4.9
114,Goran Dragic\dragigo01,PG,30,MIA,61,61,33.5,7.3,15.2,.481,1.7,4.0,.417,5.6,11.2,.504,.536,4.0,5.1,.791,0.9,3.0,3.9,6.0,1.2,0.2,2.9,2.8,20.3
115,Andre Drummond\drumman01,C,23,DET,69,69,30.3,6.4,11.8,.537,0.0,0.1,.286,6.3,11.7,.540,.539,1.8,4.6,.404,4.2,9.7,13.9,1.0,1.6,1.1,2.0,2.9,14.6
116,Jared Dudley\dudleja01,PF,31,PHO,53,7,20.6,2.3,5.1,.457,1.2,3.0,.390,1.2,2.1,.555,.572,0.5,0.8,.644,0.5,2.8,3.3,1.5,0.5,0.3,1.1,2.3,6.4
117,Mike Dunleavy\dunlemi02,SF,36,TOT,42,2,16.0,1.8,4.1,.431,1.0,2.6,.394,0.8,1.5,.492,.555,0.6,0.8,.765,0.3,1.9,2.2,0.9,0.3,0.1,0.6,1.3,5.2
117,Mike Dunleavy\dunlemi02,SF,36,CLE,23,2,15.9,1.6,3.9,.400,0.9,2.5,.351,0.7,1.4,.485,.511,0.6,0.8,.737,0.2,1.8,2.0,0.9,0.3,0.1,0.6,1.4,4.6
117,Mike Dunleavy\dunlemi02,SF,36,ATL,19,0,16.2,2.1,4.4,.464,1.2,2.7,.442,0.8,1.7,.500,.601,0.6,0.8,.800,0.4,2.1,2.4,0.9,0.3,0.1,0.6,1.2,5.9
118,Kris Dunn\dunnkr01,PG,22,MIN,65,6,16.3,1.4,3.8,.369,0.3,0.9,.298,1.1,2.9,.390,.404,0.5,0.8,.600,0.3,1.8,2.1,2.3,0.9,0.4,1.2,2.1,3.5
119,Kevin Durant\duranke01,SF,28,GSW,59,59,33.6,8.9,16.7,.537,1.9,5.0,.378,7.1,11.6,.606,.594,5.5,6.3,.876,0.6,7.6,8.2,4.8,1.1,1.6,2.3,1.9,25.3
120,Jarell Eddie\eddieja01,SF,25,PHO,1,0,29.0,3.0,8.0,.375,2.0,7.0,.286,1.0,1.0,1.000,.500,5.0,5.0,1.000,0.0,2.0,2.0,0.0,0.0,0.0,0.0,1.0,13.0
121,Henry Ellenson\ellenhe01,PF,20,DET,14,0,4.0,0.6,1.6,.348,0.3,1.0,.286,0.3,0.6,.444,.435,0.1,0.1,1.000,0.1,0.7,0.9,0.3,0.0,0.0,0.4,0.2,1.5
122,Wayne Ellington\ellinwa01,SG,29,MIA,50,13,25.3,4.0,9.5,.421,2.5,6.7,.377,1.5,2.9,.524,.553,0.7,0.8,.875,0.3,1.9,2.2,1.2,0.6,0.1,0.5,1.2,11.3
123,Monta Ellis\ellismo01,SG,31,IND,62,23,26.7,3.4,7.5,.451,0.5,1.7,.315,2.8,5.8,.492,.487,1.4,1.9,.744,0.2,2.5,2.7,3.3,0.9,0.3,1.9,2.0,8.7
124,Joel Embiid\embiijo01,C,22,PHI,31,31,25.4,6.5,13.8,.466,1.2,3.2,.367,5.3,10.7,.495,.508,6.2,7.9,.783,2.0,5.9,7.8,2.1,0.9,2.5,3.8,3.6,20.2
125,James Ennis\ennisja01,SF,26,MEM,54,24,23.3,2.3,5.0,.459,0.8,2.1,.388,1.5,2.9,.513,.543,1.5,1.9,.792,1.1,2.6,3.7,0.9,0.7,0.3,1.0,2.7,6.9
126,Tyler Ennis\ennisty01,PG,22,TOT,41,0,7.4,1.0,2.5,.417,0.2,0.7,.357,0.8,1.8,.440,.466,0.2,0.2,.875,0.2,0.5,0.7,1.2,0.3,0.0,0.7,1.0,2.5
126,Tyler Ennis\ennisty01,PG,22,HOU,31,0,6.3,0.8,2.1,.391,0.2,0.5,.375,0.6,1.5,.396,.438,0.1,0.1,.667,0.1,0.5,0.6,1.1,0.2,0.0,0.8,0.9,1.9
126,Tyler Ennis\ennisty01,PG,22,LAL,10,0,10.7,1.8,3.9,.462,0.4,1.2,.333,1.4,2.7,.519,.513,0.5,0.5,1.000,0.6,0.5,1.1,1.5,0.5,0.0,0.6,1.4,4.5
127,Tyreke Evans\evansty01,SG,27,TOT,34,2,19.3,3.8,9.1,.416,1.0,2.9,.361,2.8,6.3,.441,.473,1.9,2.5,.750,0.3,3.2,3.5,3.3,0.9,0.3,1.5,1.5,10.5
127,Tyreke Evans\evansty01,SG,27,NOP,26,0,18.2,3.5,8.7,.401,0.8,2.7,.300,2.7,6.0,.446,.447,1.7,2.2,.776,0.2,3.1,3.3,3.5,0.9,0.2,1.5,1.6,9.5
127,Tyreke Evans\evansty01,SG,27,SAC,8,2,22.6,4.8,10.4,.458,1.8,3.4,.519,3.0,7.0,.429,.542,2.3,3.3,.692,0.4,3.6,4.0,2.5,0.9,0.6,1.6,1.1,13.5
128,Dante Exum\exumda01,PG,21,UTA,56,19,18.1,2.4,5.4,.436,0.6,2.2,.289,1.8,3.3,.533,.493,1.0,1.2,.812,0.4,1.5,1.9,1.6,0.3,0.2,1.2,2.2,6.4
129,Kenneth Faried\farieke01,PF,27,DEN,52,29,21.7,3.7,6.6,.558,0.0,0.1,.000,3.7,6.5,.567,.558,2.3,3.4,.689,3.1,4.6,7.7,0.9,0.7,0.7,1.0,2.1,9.7
130,Jordan Farmar\farmajo01,PG,30,SAC,2,0,17.5,2.0,6.0,.333,2.0,4.5,.444,0.0,1.5,.000,.500,0.0,0.0,,0.5,1.0,1.5,4.5,1.0,0.0,1.5,0.5,6.0
131,Derrick Favors\favorde01,PF,25,UTA,47,39,24.1,4.0,8.4,.483,0.1,0.2,.333,4.0,8.2,.487,.487,1.4,2.3,.623,1.8,4.4,6.2,1.1,0.9,0.9,1.2,2.1,9.6
132,Kay Felder\feldeka01,PG,21,CLE,38,0,9.7,1.5,3.9,.389,0.2,0.6,.318,1.3,3.3,.402,.413,0.9,1.2,.723,0.1,0.9,1.0,1.3,0.4,0.2,0.8,1.0,4.1
133,Cristiano Felicio\feliccr01,C,24,CHI,61,0,15.9,2.0,3.4,.571,0.0,0.0,,2.0,3.4,.571,.571,1.0,1.5,.656,2.0,2.9,4.8,0.6,0.4,0.3,0.5,1.7,4.9
134,Raymond Felton\feltora01,PG,32,LAC,69,11,21.7,2.9,6.7,.435,0.7,1.9,.344,2.3,4.8,.471,.484,0.7,0.9,.814,0.5,2.3,2.8,2.5,0.9,0.3,1.1,1.7,7.2
135,Yogi Ferrell\ferreyo01,PG,23,TOT,33,20,26.0,3.3,8.1,.408,1.3,3.5,.368,2.0,4.5,.440,.489,1.8,2.2,.845,0.4,1.9,2.3,3.7,0.8,0.2,1.5,2.0,9.7
135,Yogi Ferrell\ferreyo01,PG,23,BRK,10,0,15.1,1.8,4.9,.367,0.8,2.7,.296,1.0,2.2,.455,.449,1.0,1.6,.625,0.4,0.8,1.2,1.7,0.2,0.2,1.4,1.1,5.4
135,Yogi Ferrell\ferreyo01,PG,23,DAL,23,20,30.7,4.0,9.5,.417,1.5,3.9,.389,2.4,5.6,.438,.498,2.2,2.4,.909,0.4,2.3,2.8,4.6,1.1,0.2,1.5,2.3,11.6
136,Dorian Finney-Smith\finnedo01,PF,23,DAL,68,31,20.4,1.6,3.9,.401,0.8,2.3,.329,0.8,1.6,.500,.496,0.6,0.8,.745,0.6,2.0,2.7,0.8,0.6,0.3,0.6,1.6,4.5
137,Bryn Forbes\forbebr01,SG,23,SAS,27,0,6.2,0.7,1.9,.360,0.3,1.0,.308,0.4,0.9,.417,.440,0.1,0.1,.667,0.0,0.4,0.4,0.2,0.0,0.0,0.1,0.4,1.7
138,Evan Fournier\fournev01,SG,24,ORL,58,56,33.1,6.0,13.8,.434,1.8,5.2,.346,4.2,8.6,.487,.499,3.2,4.1,.796,0.7,2.5,3.2,3.1,1.0,0.1,2.1,2.7,16.9
139,Randy Foye\foyera01,SG,33,BRK,56,27,19.1,1.9,5.0,.388,1.1,3.0,.373,0.8,1.9,.413,.502,0.8,0.9,.827,0.2,2.2,2.4,2.0,0.4,0.1,1.3,1.5,5.8
140,Tim Frazier\fraziti01,PG,26,NOP,54,24,23.2,2.7,6.4,.421,0.6,1.9,.337,2.1,4.5,.457,.471,1.6,2.1,.766,0.5,2.2,2.7,5.2,0.8,0.1,1.7,2.1,7.6
141,Channing Frye\fryech01,C,33,CLE,62,10,18.8,3.2,7.2,.442,2.0,4.8,.410,1.2,2.5,.503,.577,0.8,1.0,.823,0.5,3.3,3.8,0.7,0.4,0.5,0.7,1.9,9.2
142,Danilo Gallinari\gallida01,SF,28,DEN,54,54,33.7,5.2,11.6,.446,1.9,4.8,.391,3.3,6.7,.486,.528,5.4,6.1,.896,0.6,4.3,4.9,2.1,0.7,0.2,1.3,1.5,17.7
143,Langston Galloway\gallola01,PG,25,TOT,63,0,19.6,2.8,7.5,.377,1.7,4.4,.378,1.1,3.0,.375,.488,0.7,0.9,.778,0.3,1.7,2.0,1.2,0.7,0.1,0.5,1.3,8.0
143,Langston Galloway\gallola01,PG,25,NOP,55,0,20.4,3.0,8.0,.374,1.8,4.9,.377,1.2,3.1,.370,.489,0.7,0.9,.769,0.4,1.8,2.2,1.2,0.7,0.1,0.5,1.4,8.6
143,Langston Galloway\gallola01,PG,25,SAC,8,0,14.0,1.5,3.6,.414,0.5,1.3,.400,1.0,2.4,.421,.483,0.3,0.3,1.000,0.1,0.8,0.9,1.0,0.4,0.0,0.6,1.0,3.8
144,Marc Gasol\gasolma01,C,32,MEM,67,67,34.4,7.4,16.0,.462,1.4,3.7,.385,6.0,12.3,.485,.506,3.9,4.7,.833,0.8,5.3,6.2,4.6,0.9,1.3,2.1,2.3,20.1
145,Pau Gasol\gasolpa01,C,36,SAS,52,39,25.6,4.8,9.3,.508,0.8,1.4,.520,4.0,7.9,.506,.548,2.0,2.9,.671,1.6,6.2,7.8,2.5,0.4,1.1,1.3,1.7,12.2
146,Rudy Gay\gayru01,SF,30,SAC,30,30,33.8,6.7,14.7,.455,1.4,3.8,.372,5.3,11.0,.483,.502,3.9,4.6,.855,1.2,5.2,6.3,2.7,1.5,0.9,2.5,2.6,18.7
147,Michael Gbinije\gbinimi01,SG,24,DET,9,0,3.6,0.1,1.1,.100,0.0,0.4,.000,0.1,0.7,.167,.100,0.2,0.2,1.000,0.2,0.1,0.3,0.2,0.0,0.0,0.0,0.2,0.4
148,Alonzo Gee\geeal01,SF,29,DEN,13,0,6.8,0.2,1.1,.214,0.0,0.2,.000,0.2,0.8,.273,.214,0.4,0.7,.556,0.3,0.8,1.1,0.5,0.4,0.1,0.3,1.1,0.8
149,Paul George\georgpa01,SF,26,IND,63,63,35.3,7.8,17.3,.449,2.4,6.2,.384,5.4,11.2,.484,.517,4.4,4.8,.920,0.8,5.6,6.4,3.3,1.5,0.3,3.0,2.8,22.3
150,Jonathan Gibson\gibsojo01,PG,29,DAL,17,0,13.6,2.1,5.6,.368,0.9,2.6,.333,1.2,2.9,.400,.447,1.2,1.7,.724,0.1,1.2,1.3,1.5,0.5,0.0,1.2,1.2,6.2
151,Taj Gibson\gibsota01,PF,31,TOT,68,61,26.4,4.8,9.3,.515,0.0,0.2,.231,4.7,9.1,.521,.517,1.5,2.2,.701,2.1,4.4,6.5,1.0,0.5,0.9,1.4,2.2,11.1
151,Taj Gibson\gibsota01,PF,31,CHI,55,55,27.3,5.0,9.6,.521,0.0,0.2,.167,5.0,9.4,.529,.523,1.5,2.2,.714,2.2,4.8,7.0,1.1,0.5,0.9,1.4,2.2,11.6
151,Taj Gibson\gibsota01,PF,31,OKC,13,6,22.5,3.7,7.6,.485,0.1,0.1,1.000,3.6,7.5,.480,.490,1.4,2.2,.643,1.6,2.8,4.5,0.7,0.6,0.6,1.3,2.2,8.8
152,Manu Ginobili\ginobma01,SG,39,SAS,59,0,18.9,2.5,6.5,.388,1.3,3.3,.390,1.2,3.2,.387,.488,1.3,1.7,.798,0.4,1.9,2.3,2.7,1.2,0.3,1.4,1.7,7.6
153,Rudy Gobert\goberru01,C,24,UTA,70,70,33.7,4.7,7.3,.651,0.0,0.0,.000,4.7,7.3,.652,.651,3.7,5.7,.655,3.8,8.9,12.8,1.2,0.7,2.6,1.9,3.1,13.2
154,Archie Goodwin\goodwar01,SG,22,TOT,4,0,11.0,0.8,2.0,.375,0.5,0.8,.667,0.3,1.3,.200,.500,2.8,3.0,.917,0.3,0.3,0.5,0.8,0.0,0.3,0.0,0.3,4.8
154,Archie Goodwin\goodwar01,SG,22,NOP,3,0,10.0,0.7,1.7,.400,0.3,0.7,.500,0.3,1.0,.333,.500,3.3,3.3,1.000,0.0,0.0,0.0,0.3,0.0,0.3,0.0,0.3,5.0
154,Archie Goodwin\goodwar01,SG,22,BRK,1,0,14.0,1.0,3.0,.333,1.0,1.0,1.000,0.0,2.0,.000,.500,1.0,2.0,.500,1.0,1.0,2.0,2.0,0.0,0.0,0.0,0.0,4.0
155,Aaron Gordon\gordoaa01,SF,21,ORL,69,61,27.9,4.6,10.3,.441,0.9,3.3,.276,3.7,7.1,.517,.485,1.9,2.7,.697,1.4,3.4,4.7,1.9,0.7,0.5,1.1,2.1,11.9
156,Eric Gordon\gordoer01,SG,28,HOU,65,9,30.6,5.6,13.6,.410,3.4,8.9,.379,2.2,4.6,.472,.535,1.9,2.3,.831,0.4,2.2,2.6,2.7,0.7,0.5,1.6,2.0,16.4
157,Marcin Gortat\gortama01,C,32,WAS,70,70,32.5,4.9,8.5,.572,0.0,0.0,.000,4.9,8.5,.574,.572,1.4,2.1,.662,3.0,8.0,10.9,1.5,0.5,0.9,1.5,2.8,11.1
158,Treveon Graham\grahatr01,SG,23,CHO,24,1,5.9,0.4,1.0,.375,0.3,0.4,.600,0.1,0.6,.214,.500,0.3,0.5,.667,0.1,0.5,0.7,0.2,0.1,0.0,0.1,0.7,1.3
159,Jerami Grant\grantje01,SF,22,TOT,69,4,19.6,1.9,4.2,.465,0.5,1.4,.368,1.4,2.8,.513,.526,1.2,2.0,.613,0.4,2.1,2.6,0.6,0.4,1.0,0.6,1.8,5.6
159,Jerami Grant\grantje01,SF,22,PHI,2,0,20.5,3.0,8.5,.353,0.0,1.0,.000,3.0,7.5,.400,.353,2.0,4.0,.500,0.0,3.5,3.5,0.0,0.0,2.0,1.5,2.5,8.0
159,Jerami Grant\grantje01,SF,22,OKC,67,4,19.5,1.9,4.0,.472,0.5,1.4,.376,1.4,2.7,.522,.537,1.2,1.9,.620,0.5,2.1,2.5,0.6,0.5,1.0,0.6,1.8,5.5
160,Jerian Grant\grantje02,PG,24,CHI,55,25,16.2,1.9,4.7,.411,0.7,2.1,.363,1.2,2.6,.448,.490,1.1,1.2,.879,0.3,1.3,1.6,1.7,0.7,0.1,0.7,1.5,5.7
161,Danny Green\greenda02,SG,29,SAS,61,61,27.0,2.6,6.7,.397,1.8,4.6,.390,0.8,2.0,.411,.532,0.3,0.4,.840,0.4,2.9,3.3,1.8,1.0,0.8,1.1,1.8,7.4
162,Draymond Green\greendr01,PF,26,GSW,66,66,32.8,3.6,8.5,.420,1.1,3.4,.314,2.5,5.1,.490,.482,2.0,2.9,.700,1.3,6.8,8.2,7.2,2.1,1.5,2.3,3.0,10.2
163,Gerald Green\greenge01,SG,31,BOS,40,0,11.8,2.0,5.1,.401,0.8,2.3,.355,1.2,2.7,.440,.483,0.7,0.8,.813,0.4,1.5,1.9,0.7,0.2,0.2,0.5,1.1,5.5
164,JaMychal Green\greenja01,PF,26,MEM,68,66,28.0,3.3,6.6,.498,0.7,1.9,.381,2.6,4.7,.543,.551,1.8,2.2,.815,2.3,5.1,7.4,1.1,0.7,0.5,1.3,3.4,9.1
165,Jeff Green\greenje02,SF,30,ORL,69,11,22.2,3.2,8.1,.394,0.8,2.8,.275,2.4,5.3,.458,.442,2.1,2.4,.863,0.6,2.5,3.1,1.2,0.6,0.2,1.1,1.5,9.2
166,Blake Griffin\griffbl01,PF,27,LAC,50,50,33.9,7.8,16.1,.488,0.5,1.5,.333,7.3,14.6,.503,.503,5.3,7.1,.747,2.0,6.4,8.4,5.0,0.9,0.4,2.4,2.6,21.5
167,Justin Hamilton\hamilju01,C,26,BRK,54,6,19.0,2.6,5.8,.447,0.9,2.9,.299,1.7,2.9,.597,.523,0.5,0.7,.722,1.2,3.1,4.3,0.9,0.5,0.7,0.7,1.5,6.5
168,A.J. Hammons\hammoaj01,C,24,DAL,17,0,4.5,0.5,1.3,.409,0.2,0.4,.667,0.3,0.9,.313,.500,0.1,0.6,.200,0.3,0.9,1.2,0.1,0.0,0.4,0.2,0.6,1.4
169,Tim Hardaway\hardati02,SG,24,ATL,68,19,26.0,5.1,11.2,.453,1.9,5.3,.359,3.2,5.9,.537,.537,1.8,2.5,.749,0.4,2.2,2.6,2.1,0.7,0.2,1.3,1.2,13.9
170,James Harden\hardeja01,PG,27,HOU,71,71,36.5,8.4,18.9,.446,3.2,9.1,.352,5.2,9.7,.533,.531,9.3,11.0,.849,1.1,6.9,8.1,11.2,1.5,0.4,5.8,2.6,29.4
171,Maurice Harkless\harklma01,SF,23,POR,65,58,29.3,4.2,8.5,.491,1.0,2.7,.360,3.2,5.7,.554,.549,1.0,1.7,.602,1.7,3.0,4.7,1.2,1.1,0.9,1.2,2.8,10.3
172,Justin Harper\harpeju01,PF,27,PHI,3,0,10.3,1.7,4.0,.417,0.7,2.3,.286,1.0,1.7,.600,.500,0.0,0.0,,1.0,1.0,2.0,0.7,0.0,0.0,1.3,0.7,4.0
173,Montrezl Harrell\harremo01,PF,23,HOU,53,14,18.0,3.9,5.9,.660,0.0,0.1,.333,3.9,5.8,.663,.662,1.3,2.1,.636,1.4,2.2,3.6,1.1,0.4,0.7,0.8,2.1,9.1
174,Devin Harris\harride01,PG,33,DAL,52,0,16.7,1.9,5.1,.381,0.9,2.5,.341,1.1,2.6,.421,.466,1.6,2.0,.804,0.2,1.8,1.9,2.0,0.6,0.1,0.9,1.5,6.3
175,Gary Harris\harriga01,SG,22,DEN,46,45,30.5,5.5,11.1,.495,1.9,4.5,.424,3.6,6.7,.542,.580,1.8,2.3,.778,0.9,2.2,3.0,2.6,1.3,0.2,1.3,1.6,14.7
176,Joe Harris\harrijo01,SG,25,BRK,52,11,21.9,3.0,7.0,.425,1.6,4.3,.385,1.3,2.7,.489,.543,0.7,0.9,.714,0.3,2.5,2.8,1.0,0.6,0.2,1.1,2.3,8.2
177,Manny Harris\harrima01,SG,27,DAL,3,0,7.0,0.7,4.0,.167,0.0,0.7,.000,0.7,3.3,.200,.167,0.7,1.3,.500,0.7,2.0,2.7,0.7,0.0,0.0,0.3,0.3,2.0
178,Tobias Harris\harrito02,PF,24,DET,70,43,31.5,6.3,13.0,.483,1.3,3.8,.341,5.0,9.2,.541,.532,2.4,2.8,.851,0.7,4.5,5.2,1.7,0.6,0.5,1.2,1.6,16.2
179,Aaron Harrison\harriaa01,SG,22,CHO,5,0,3.4,0.0,0.8,.000,0.0,0.4,.000,0.0,0.4,.000,.000,0.2,0.4,.500,0.0,0.6,0.6,0.6,0.0,0.0,0.0,0.4,0.2
180,Andrew Harrison\harrian01,SG,22,MEM,63,17,20.3,1.6,4.9,.316,0.6,2.2,.275,1.0,2.7,.349,.377,2.1,2.8,.771,0.3,1.5,1.8,2.8,0.8,0.3,1.2,2.7,5.9
181,Udonis Haslem\hasleud01,C,36,MIA,16,0,8.1,0.7,1.4,.500,0.0,0.1,.000,0.7,1.3,.550,.500,0.6,0.9,.600,0.5,1.7,2.2,0.4,0.3,0.1,0.5,1.3,1.9
182,Spencer Hawes\hawessp01,PF,28,TOT,43,1,15.7,2.6,5.5,.475,0.4,1.4,.290,2.2,4.0,.540,.513,0.7,0.9,.865,0.8,2.9,3.7,1.6,0.3,0.6,1.0,1.5,6.4
182,Spencer Hawes\hawessp01,PF,28,CHO,35,1,17.9,3.0,6.2,.477,0.5,1.6,.291,2.5,4.7,.540,.514,0.9,1.0,.882,0.9,3.3,4.2,1.8,0.4,0.7,1.1,1.7,7.3
182,Spencer Hawes\hawessp01,PF,28,MIL,8,0,6.1,1.0,2.3,.444,0.3,0.9,.286,0.8,1.4,.545,.500,0.3,0.4,.667,0.3,1.5,1.8,0.6,0.0,0.1,0.4,0.3,2.5
183,Gordon Hayward\haywago01,SF,26,UTA,64,64,34.5,7.4,15.8,.467,2.1,5.2,.398,5.3,10.6,.501,.532,5.2,6.1,.853,0.7,4.8,5.5,3.5,1.0,0.3,1.9,1.6,22.0
184,Gerald Henderson\hendege02,SG,29,PHI,61,41,23.6,3.4,7.8,.435,0.8,2.3,.370,2.5,5.5,.461,.488,2.1,2.5,.824,0.4,2.1,2.6,1.6,0.6,0.2,0.9,1.7,9.7
185,John Henson\hensojo01,C,26,MIL,55,38,19.6,2.7,5.4,.510,0.0,0.0,.000,2.7,5.4,.512,.510,1.3,1.9,.692,1.6,3.6,5.1,1.0,0.5,1.3,0.9,2.6,6.8
186,Juan Hernangomez\hernaju01,PF,21,DEN,53,8,13.5,1.7,3.4,.486,0.8,1.7,.449,0.9,1.7,.522,.597,1.0,1.3,.743,0.8,2.3,3.1,0.5,0.5,0.2,0.5,1.1,5.1
187,Willy Hernangomez\hernawi01,C,22,NYK,60,11,17.1,3.1,5.7,.536,0.1,0.2,.231,3.0,5.5,.548,.541,1.0,1.4,.709,2.2,4.4,6.6,1.2,0.5,0.6,1.4,1.9,7.2
188,Mario Hezonja\hezonma01,SF,21,ORL,54,2,13.3,1.7,4.7,.361,0.6,2.1,.295,1.1,2.6,.413,.425,0.5,0.6,.771,0.3,1.7,2.0,0.8,0.4,0.2,0.9,1.2,4.5
189,Roy Hibbert\hibbero01,C,30,TOT,46,13,14.7,1.7,3.2,.544,0.0,0.0,,1.7,3.2,.544,.544,1.3,1.6,.813,1.2,2.2,3.3,0.5,0.2,1.0,0.7,2.2,4.8
189,Roy Hibbert\hibbero01,C,30,CHO,42,13,16.0,1.9,3.4,.542,0.0,0.0,,1.9,3.4,.542,.542,1.5,1.8,.813,1.3,2.4,3.6,0.5,0.2,1.0,0.7,2.3,5.2
189,Roy Hibbert\hibbero01,C,30,DEN,4,0,1.8,0.5,0.8,.667,0.0,0.0,,0.5,0.8,.667,.667,0.0,0.0,,0.3,0.3,0.5,0.3,0.0,0.3,0.0,0.5,1.0
190,Buddy Hield\hieldbu01,SG,23,TOT,70,43,21.6,3.6,8.6,.416,1.7,4.3,.388,1.9,4.3,.443,.513,0.7,0.8,.868,0.3,2.7,3.0,1.3,0.4,0.1,1.1,1.4,9.5
190,Buddy Hield\hieldbu01,SG,23,NOP,57,37,20.4,3.2,8.3,.392,1.6,4.2,.369,1.7,4.1,.416,.486,0.5,0.6,.879,0.3,2.6,2.9,1.4,0.3,0.1,0.8,1.4,8.6
190,Buddy Hield\hieldbu01,SG,23,SAC,13,6,26.9,5.1,10.2,.500,2.2,4.8,.460,2.8,5.3,.536,.610,1.3,1.5,.850,0.4,3.1,3.5,1.2,0.8,0.1,2.4,1.1,13.7
191,Nene Hilario\hilarne01,C,34,HOU,59,7,17.5,3.4,5.6,.613,0.1,0.1,.375,3.4,5.5,.619,.618,1.7,2.9,.591,1.4,2.7,4.1,0.8,0.8,0.6,1.1,2.6,8.6
192,George Hill\hillge01,PG,30,UTA,44,44,31.9,5.9,12.4,.475,1.9,4.8,.392,4.0,7.6,.528,.551,3.5,4.3,.800,0.5,3.0,3.5,4.2,1.0,0.3,1.7,2.4,17.2
193,Jordan Hill\hilljo01,C,29,MIN,6,0,6.8,0.7,1.8,.364,0.0,0.0,,0.7,1.8,.364,.364,0.3,0.3,1.000,1.2,1.0,2.2,0.0,0.2,0.0,0.5,1.5,1.7
194,Solomon Hill\hillso01,SF,25,NOP,68,59,29.1,2.3,5.7,.394,1.1,3.3,.350,1.1,2.4,.455,.495,1.3,1.6,.830,0.6,3.2,3.8,1.8,0.9,0.4,1.0,2.3,6.9
195,Darrun Hilliard\hillida01,SG,23,DET,31,1,9.8,1.1,3.2,.333,0.3,1.2,.243,0.8,2.0,.387,.379,0.5,0.8,.708,0.1,0.9,0.9,0.7,0.3,0.0,0.6,1.0,3.0
196,Jrue Holiday\holidjr01,PG,26,NOP,55,49,32.6,6.2,13.6,.457,1.5,4.1,.368,4.7,9.5,.495,.512,1.9,2.7,.702,0.7,3.2,4.0,7.2,1.6,0.6,3.1,2.2,15.8
197,Justin Holiday\holidju01,SG,27,NYK,70,2,19.3,2.6,6.2,.428,1.2,3.2,.366,1.5,2.9,.498,.524,0.8,1.0,.819,0.3,2.4,2.7,1.1,0.8,0.4,0.8,1.4,7.3
198,Rondae Hollis-Jefferson\holliro01,SF,22,BRK,65,37,21.9,2.8,6.4,.443,0.2,0.9,.207,2.6,5.5,.482,.458,2.5,3.3,.749,1.1,4.2,5.3,1.9,1.0,0.5,1.5,2.4,8.3
199,Richaun Holmes\holmeri01,C,23,PHI,45,6,18.7,3.6,6.4,.568,0.4,1.0,.370,3.2,5.4,.606,.598,1.1,1.7,.658,1.6,3.4,5.0,0.9,0.7,1.0,0.9,2.2,8.7
200,Rodney Hood\hoodro01,SG,24,UTA,50,49,27.6,4.8,11.5,.416,1.9,5.3,.367,2.8,6.2,.457,.500,1.6,2.0,.800,0.3,3.2,3.5,1.6,0.6,0.2,1.2,2.4,13.1
201,Al Horford\horfoal01,C,30,BOS,57,57,32.7,5.7,12.1,.471,1.4,3.8,.356,4.4,8.4,.523,.527,1.5,1.9,.796,1.4,5.4,6.7,5.0,0.7,1.5,1.7,2.1,14.3
202,Danuel House\houseda01,SG,23,WAS,1,0,1.0,0.0,0.0,,0.0,0.0,,0.0,0.0,,,0.0,0.0,,0.0,1.0,1.0,0.0,0.0,0.0,0.0,0.0,0.0
203,Dwight Howard\howardw01,C,31,ATL,64,64,29.7,5.1,8.0,.637,0.0,0.0,.000,5.1,7.9,.640,.637,3.0,5.7,.525,4.1,8.7,12.8,1.3,1.0,1.3,2.2,2.8,13.1
204,Marcelo Huertas\huertma01,PG,33,LAL,23,1,10.3,1.1,3.0,.368,0.2,0.8,.211,0.9,2.1,.429,.397,0.4,0.7,.529,0.1,1.0,1.0,2.3,0.4,0.1,0.8,0.7,2.7
205,Josh Huestis\huestjo01,PF,25,OKC,1,0,7.0,3.0,4.0,.750,1.0,2.0,.500,2.0,2.0,1.000,.875,0.0,0.0,,2.0,2.0,4.0,1.0,0.0,1.0,0.0,0.0,7.0
206,Kris Humphries\humphkr01,PF,31,ATL,47,2,11.9,1.6,3.6,.440,0.3,0.9,.357,1.3,2.7,.468,.485,1.1,1.4,.781,1.0,2.6,3.6,0.5,0.2,0.4,0.5,1.3,4.5
207,R.J. Hunter\hunterj01,SG,23,CHI,3,0,3.0,0.0,0.3,.000,0.0,0.3,.000,0.0,0.0,,.000,0.0,0.0,,0.0,0.3,0.3,0.0,0.0,0.0,0.0,0.0,0.0
208,Serge Ibaka\ibakase01,PF,27,TOT,69,69,30.8,6.0,12.5,.482,1.5,4.0,.387,4.5,8.5,.526,.543,1.3,1.6,.861,1.7,5.1,6.8,1.0,0.6,1.6,1.4,2.6,14.9
208,Serge Ibaka\ibakase01,PF,27,ORL,56,56,30.5,6.1,12.6,.488,1.5,3.8,.388,4.6,8.7,.532,.547,1.4,1.6,.846,1.8,5.1,6.8,1.1,0.6,1.6,1.2,2.5,15.1
208,Serge Ibaka\ibakase01,PF,27,TOR,13,13,32.1,5.6,12.3,.456,1.8,4.6,.383,3.8,7.7,.500,.528,1.2,1.3,.941,1.1,5.5,6.5,0.6,0.4,1.6,2.2,3.3,14.2
209,Andre Iguodala\iguodan01,SF,33,GSW,67,0,26.2,2.6,5.2,.509,0.8,2.3,.358,1.8,2.9,.626,.587,0.9,1.3,.706,0.7,3.2,4.0,3.4,1.0,0.5,0.8,1.3,7.0
210,Ersan Ilyasova\ilyaser01,PF,29,TOT,70,42,26.1,4.8,10.9,.444,1.9,5.0,.371,3.0,5.9,.507,.530,2.0,2.6,.777,1.3,4.4,5.7,1.6,0.7,0.3,1.4,2.5,13.5
210,Ersan Ilyasova\ilyaser01,PF,29,OKC,3,0,20.7,2.0,5.3,.375,1.0,4.0,.250,1.0,1.3,.750,.469,0.0,0.0,,0.7,4.7,5.3,0.3,1.0,0.3,1.3,1.7,5.0
210,Ersan Ilyasova\ilyaser01,PF,29,PHI,53,40,27.3,5.4,12.2,.440,2.0,5.6,.359,3.4,6.6,.509,.522,2.1,2.7,.768,1.3,4.6,5.9,1.8,0.6,0.3,1.5,2.5,14.8
210,Ersan Ilyasova\ilyaser01,PF,29,ATL,14,2,22.5,3.4,7.1,.485,1.5,3.1,.488,1.9,4.0,.482,.591,2.1,2.6,.811,1.1,3.6,4.7,1.2,1.0,0.4,1.1,2.6,10.5
211,Joe Ingles\inglejo01,SF,29,UTA,71,20,23.1,2.4,5.2,.462,1.5,3.3,.442,1.0,1.9,.496,.601,0.6,0.8,.786,0.3,2.8,3.1,2.5,1.1,0.1,1.1,2.0,6.9
212,Brandon Ingram\ingrabr01,SF,19,LAL,70,31,29.1,3.3,8.3,.394,0.7,2.5,.289,2.5,5.8,.438,.437,1.6,2.6,.628,0.7,3.4,4.1,2.0,0.5,0.5,1.4,2.0,8.8
213,Kyrie Irving\irvinky01,PG,24,CLE,61,61,35.1,9.4,19.8,.474,2.5,6.3,.393,6.9,13.5,.512,.537,4.2,4.6,.905,0.7,2.6,3.3,5.8,1.1,0.3,2.6,2.1,25.5
214,Jarrett Jack\jackja01,PG,33,NOP,2,0,16.5,1.0,1.5,.667,0.0,0.5,.000,1.0,1.0,1.000,.667,1.0,1.0,1.000,0.0,0.0,0.0,2.5,1.0,0.0,1.5,1.5,3.0
215,Demetrius Jackson\jacksde01,PG,22,BOS,5,0,3.4,0.6,0.8,.750,0.2,0.2,1.000,0.4,0.6,.667,.875,0.6,1.2,.500,0.4,0.4,0.8,0.6,0.0,0.0,0.0,0.0,2.0
216,Pierre Jackson\jackspi01,PG,25,DAL,8,1,10.5,1.6,4.9,.333,0.4,1.4,.273,1.3,3.5,.357,.372,0.8,0.9,.857,0.1,1.0,1.1,2.4,0.3,0.0,0.4,0.6,4.4
217,Reggie Jackson\jacksre01,PG,26,DET,49,49,27.8,5.6,13.1,.424,1.3,3.6,.364,4.3,9.6,.447,.474,2.4,2.8,.868,0.4,1.8,2.2,5.3,0.7,0.1,2.2,2.6,14.9
218,LeBron James\jamesle01,SF,32,CLE,63,63,37.6,9.8,18.0,.543,1.8,4.7,.385,8.0,13.3,.598,.593,4.8,7.1,.676,1.2,7.2,8.4,8.8,1.3,0.6,4.2,1.7,26.2
219,Al Jefferson\jeffeal01,C,32,IND,63,1,14.2,3.6,7.2,.499,0.0,0.0,.000,3.6,7.2,.500,.499,1.0,1.3,.759,1.1,3.0,4.2,0.9,0.3,0.2,0.5,2.0,8.2
220,Richard Jefferson\jefferi01,SF,36,CLE,68,13,21.0,2.1,4.6,.450,0.8,2.5,.333,1.2,2.1,.587,.540,1.0,1.4,.750,0.4,2.2,2.6,1.0,0.3,0.1,0.7,2.0,6.0
221,John Jenkins\jenkijo01,SG,25,PHO,4,0,3.3,0.5,1.3,.400,0.3,0.5,.500,0.3,0.8,.333,.500,0.5,0.5,1.000,0.0,0.3,0.3,0.3,0.0,0.0,0.0,0.0,1.8
222,Brandon Jennings\jennibr01,PG,27,TOT,69,11,23.0,2.5,6.9,.367,1.0,3.2,.317,1.5,3.7,.411,.441,1.5,2.1,.746,0.3,2.1,2.4,5.0,0.9,0.1,1.7,1.4,7.6
222,Brandon Jennings\jennibr01,PG,27,NYK,58,11,24.6,2.8,7.4,.380,1.2,3.4,.340,1.6,3.9,.415,.459,1.8,2.3,.756,0.4,2.2,2.6,4.9,0.9,0.1,1.8,1.4,8.6
222,Brandon Jennings\jennibr01,PG,27,WAS,11,0,14.4,1.1,4.4,.250,0.3,2.2,.125,0.8,2.2,.375,.281,0.4,0.6,.571,0.2,1.3,1.5,5.0,0.5,0.0,1.1,1.1,2.8
223,Jonas Jerebko\jerebjo01,PF,29,BOS,68,6,16.4,1.5,3.4,.440,0.6,1.7,.348,0.9,1.7,.530,.526,0.3,0.4,.793,0.8,2.7,3.5,0.8,0.4,0.3,0.5,1.6,3.9
224,Amir Johnson\johnsam01,PF,29,BOS,70,67,20.0,2.6,4.6,.570,0.3,0.8,.386,2.3,3.8,.610,.604,0.8,1.2,.667,1.5,3.0,4.5,1.7,0.6,0.8,0.9,2.7,6.4
225,Brice Johnson\johnsbr02,PF,22,LAC,2,0,3.5,0.5,2.0,.250,0.0,0.0,,0.5,2.0,.250,.250,0.0,0.0,,0.5,1.0,1.5,0.5,0.5,0.5,0.5,0.0,1.0
226,James Johnson\johnsja01,PF,29,MIA,64,0,26.7,4.7,9.7,.487,1.1,3.3,.346,3.6,6.4,.559,.545,1.8,2.6,.701,0.9,4.0,4.8,3.5,0.9,1.1,2.1,2.6,12.3
227,Joe Johnson\johnsjo02,SF,35,UTA,67,14,23.2,3.3,7.6,.432,1.2,3.0,.382,2.1,4.6,.464,.508,0.8,0.9,.841,0.5,2.6,3.1,1.7,0.4,0.2,0.9,1.2,8.6
228,Stanley Johnson\johnsst04,SF,20,DET,66,0,16.9,1.7,4.4,.372,0.5,1.8,.286,1.1,2.6,.431,.430,0.5,0.8,.667,0.5,1.9,2.4,1.3,0.8,0.3,0.8,1.6,4.3
229,Tyler Johnson\johnsty01,PG,24,MIA,61,0,30.1,4.9,11.3,.436,1.2,3.5,.351,3.7,7.9,.474,.490,2.7,3.4,.775,0.7,3.4,4.0,3.4,1.2,0.6,1.2,2.4,13.7
230,Wesley Johnson\johnswe01,SF,29,LAC,63,3,12.2,1.1,3.0,.372,0.5,1.8,.261,0.7,1.3,.525,.448,0.2,0.3,.647,0.4,2.3,2.7,0.3,0.5,0.4,0.3,1.3,2.9
231,Nikola Jokic\jokicni01,C,21,DEN,61,47,27.2,6.5,11.2,.582,0.6,1.7,.349,5.9,9.5,.625,.609,2.6,3.1,.822,3.0,6.4,9.4,4.7,0.8,0.8,2.3,3.0,16.2
232,Damian Jones\jonesda03,C,21,GSW,9,0,7.3,0.7,1.4,.462,0.0,0.0,,0.7,1.4,.462,.462,0.3,0.9,.375,1.0,0.8,1.8,0.0,0.1,0.2,0.6,1.3,1.7
233,Derrick Jones\jonesde02,SF,19,PHO,20,3,11.9,1.5,2.4,.604,0.0,0.1,.000,1.5,2.4,.617,.604,0.5,0.6,.750,0.6,1.0,1.6,0.4,0.2,0.6,0.3,1.5,3.4
234,James Jones\jonesja02,SF,36,CLE,41,2,7.7,0.9,1.7,.521,0.7,1.3,.547,0.2,0.4,.444,.725,0.3,0.4,.647,0.0,0.7,0.7,0.3,0.1,0.2,0.2,0.8,2.8
235,Terrence Jones\joneste01,PF,25,TOT,52,12,24.3,4.4,9.4,.472,0.4,1.4,.253,4.1,8.0,.512,.492,2.0,3.3,.606,1.3,4.6,5.8,1.1,0.8,1.0,0.9,1.3,11.2
235,Terrence Jones\joneste01,PF,25,NOP,51,12,24.8,4.5,9.6,.473,0.4,1.5,.253,4.2,8.1,.513,.493,2.0,3.3,.606,1.3,4.7,5.9,1.1,0.8,1.0,0.9,1.3,11.5
235,Terrence Jones\joneste01,PF,25,MIL,1,0,2.0,0.0,1.0,.000,0.0,0.0,,0.0,1.0,.000,.000,0.0,0.0,,0.0,1.0,1.0,0.0,0.0,1.0,0.0,0.0,0.0
236,Tyus Jones\jonesty01,PG,20,MIN,47,0,12.5,1.2,3.0,.399,0.5,1.4,.359,0.7,1.7,.430,.479,0.6,0.7,.788,0.2,0.9,1.0,2.4,0.7,0.1,0.5,0.8,3.5
237,DeAndre Jordan\jordade01,C,28,LAC,70,70,31.6,5.0,7.1,.704,0.0,0.0,.000,5.0,7.0,.707,.704,2.6,5.2,.490,3.5,10.0,13.5,1.2,0.6,1.7,1.5,2.6,12.5
238,Cory Joseph\josepco01,SG,25,TOR,68,14,24.3,3.6,8.1,.446,0.6,1.5,.365,3.1,6.6,.465,.481,1.2,1.6,.783,0.6,2.2,2.8,3.2,0.8,0.1,1.2,1.7,9.0
239,Frank Kaminsky\kaminfr01,C,23,CHO,63,16,26.1,4.3,10.7,.399,1.5,4.7,.316,2.8,6.1,.463,.468,1.6,2.1,.748,0.8,3.9,4.6,2.1,0.7,0.5,1.0,1.8,11.6
240,Enes Kanter\kanteen01,C,24,OKC,60,0,21.6,5.6,10.2,.551,0.1,0.6,.139,5.6,9.6,.577,.555,3.0,3.8,.787,2.7,4.2,6.9,1.0,0.5,0.6,1.8,2.2,14.4
241,Ryan Kelly\kellyry01,PF,25,ATL,14,0,4.9,0.3,1.1,.267,0.1,0.4,.333,0.1,0.6,.222,.333,0.2,0.3,.750,0.0,0.9,0.9,0.4,0.3,0.1,0.2,0.3,0.9
242,Michael Kidd-Gilchrist\kiddgmi01,SF,23,CHO,69,69,29.3,3.6,7.7,.470,0.0,0.1,.111,3.6,7.6,.476,.471,1.8,2.3,.772,2.0,5.3,7.3,1.4,1.0,1.0,0.7,2.3,9.0
243,Sean Kilpatrick\kilpase01,SG,27,BRK,65,24,25.5,4.4,10.6,.411,1.5,4.4,.344,2.8,6.2,.459,.483,3.0,3.6,.841,0.3,3.7,4.0,2.3,0.7,0.1,2.0,1.8,13.3
244,Brandon Knight\knighbr03,SG,25,PHO,54,5,21.1,3.9,9.7,.398,0.8,2.6,.324,3.0,7.1,.425,.441,2.4,2.9,.857,0.5,1.7,2.2,2.4,0.5,0.1,1.6,1.6,11.0
245,Kyle Korver\korveky01,SG,35,TOT,58,22,27.0,3.6,7.9,.463,2.4,5.4,.447,1.2,2.5,.497,.615,0.6,0.6,.889,0.1,2.7,2.8,1.8,0.6,0.3,1.1,1.6,10.2
245,Kyle Korver\korveky01,SG,35,ATL,32,21,27.9,3.4,7.7,.441,2.0,5.0,.409,1.3,2.7,.500,.573,0.8,0.8,.889,0.0,2.8,2.8,2.3,0.7,0.4,1.3,1.5,9.5
245,Kyle Korver\korveky01,SG,35,CLE,26,1,25.9,4.0,8.1,.488,2.8,5.8,.487,1.1,2.3,.492,.664,0.3,0.3,.889,0.2,2.6,2.8,1.1,0.4,0.2,0.9,1.7,11.1
246,Kosta Koufos\koufoko01,C,27,SAC,69,60,19.9,3.0,5.5,.556,0.0,0.0,.000,3.0,5.5,.557,.556,0.5,0.9,.607,1.7,4.1,5.7,0.7,0.5,0.6,0.9,2.4,6.6
247,Mindaugas Kuzminskas\kuzmimi01,SF,27,NYK,57,3,13.9,2.0,4.9,.413,0.7,2.3,.313,1.3,2.6,.500,.486,0.8,1.0,.810,0.7,1.2,1.8,1.0,0.5,0.2,0.7,1.2,5.6
248,Skal Labissiere\labissk01,PF,20,SAC,21,2,13.3,3.2,5.4,.593,0.0,0.1,.333,3.1,5.2,.600,.597,1.4,1.9,.725,1.5,2.9,4.3,0.4,0.4,0.3,1.1,1.3,7.8
249,Jeremy Lamb\lambje01,SG,24,CHO,50,5,18.6,3.6,7.9,.452,0.7,2.4,.298,2.8,5.5,.520,.497,1.8,2.1,.841,0.5,3.9,4.4,1.2,0.4,0.4,0.7,1.7,9.6
250,Nicolas Laprovittola\laproni01,PG,27,SAS,18,3,9.7,1.1,2.6,.426,0.6,1.5,.370,0.6,1.1,.500,.532,0.5,0.5,1.000,0.1,0.5,0.6,1.6,0.2,0.1,1.1,1.1,3.3
251,Joffrey Lauvergne\lauvejo01,C,25,TOT,58,0,14.2,2.0,4.7,.435,0.5,1.5,.337,1.5,3.2,.481,.489,0.7,1.1,.625,1.0,2.6,3.6,1.0,0.3,0.1,0.8,1.3,5.3
251,Joffrey Lauvergne\lauvejo01,C,25,OKC,50,0,14.8,2.2,4.9,.455,0.5,1.6,.346,1.7,3.3,.506,.510,0.7,1.2,.638,1.0,2.6,3.7,1.0,0.3,0.1,0.8,1.4,5.7
251,Joffrey Lauvergne\lauvejo01,C,25,CHI,8,0,10.8,0.9,3.4,.259,0.3,1.0,.250,0.6,2.4,.263,.296,0.4,0.8,.500,0.8,2.5,3.3,1.0,0.3,0.0,0.5,0.4,2.4
252,Zach LaVine\lavinza01,SG,21,MIN,47,47,37.2,6.9,15.1,.459,2.6,6.6,.387,4.4,8.5,.515,.544,2.5,3.0,.836,0.4,3.0,3.4,3.0,0.9,0.2,1.8,2.2,18.9
253,Ty Lawson\lawsoty01,PG,29,SAC,63,21,25.1,3.3,7.5,.432,0.5,1.8,.277,2.8,5.8,.479,.464,2.2,2.7,.805,0.7,1.9,2.6,4.7,1.1,0.1,1.8,1.7,9.2
254,Jake Layman\laymaja01,SF,22,POR,27,0,6.2,0.7,2.2,.317,0.4,1.5,.250,0.3,0.7,.450,.400,0.5,0.6,.765,0.1,0.5,0.6,0.3,0.2,0.1,0.2,0.7,2.3
255,Courtney Lee\leeco01,SG,31,NYK,65,62,31.8,4.0,8.9,.454,1.5,3.6,.408,2.6,5.3,.486,.536,1.0,1.2,.853,0.7,2.7,3.4,2.2,1.0,0.3,0.8,1.9,10.5
256,David Lee\leeda02,PF,33,SAS,68,10,18.6,3.3,5.3,.612,0.0,0.0,,3.3,5.3,.612,.612,1.1,1.5,.709,1.8,3.8,5.6,1.5,0.4,0.5,1.0,1.6,7.6
257,Alex Len\lenal01,C,23,PHO,65,22,19.8,2.9,5.8,.492,0.0,0.1,.250,2.8,5.7,.497,.495,1.8,2.4,.722,2.0,4.5,6.5,0.6,0.5,1.2,1.3,3.0,7.5
258,Kawhi Leonard\leonaka01,SF,25,SAS,62,62,33.7,8.7,17.9,.483,2.0,5.2,.383,6.7,12.7,.524,.539,6.8,7.6,.894,1.1,4.8,5.9,3.4,1.8,0.7,2.1,1.7,26.1
259,Meyers Leonard\leoname01,PF,24,POR,61,7,16.0,2.0,5.1,.390,1.0,2.9,.343,1.0,2.3,.449,.486,0.5,0.6,.861,0.4,2.8,3.2,1.0,0.1,0.4,0.5,2.3,5.5
260,Jon Leuer\leuerjo01,PF,27,DET,64,28,26.9,4.4,9.0,.494,0.7,2.4,.309,3.7,6.6,.561,.535,1.3,1.5,.892,1.3,4.2,5.5,1.6,0.4,0.4,0.9,2.0,10.9
261,Caris LeVert\leverca01,SF,22,BRK,44,13,21.2,2.7,6.0,.444,0.9,3.0,.306,1.8,3.0,.583,.521,1.2,1.7,.730,0.4,2.7,3.2,1.9,1.0,0.1,1.0,1.5,7.5
262,DeAndre Liggins\liggide01,SG,28,CLE,53,19,13.4,0.9,2.4,.391,0.3,0.8,.386,0.6,1.6,.393,.457,0.4,0.7,.657,0.3,1.4,1.7,1.0,0.8,0.3,0.7,1.4,2.6
263,Damian Lillard\lillada01,PG,26,POR,64,64,36.0,8.8,19.7,.446,2.7,7.4,.367,6.1,12.3,.493,.515,6.5,7.2,.907,0.6,4.2,4.8,5.7,0.7,0.3,2.8,2.1,26.8
264,Jeremy Lin\linje01,PG,28,BRK,25,22,23.0,4.7,10.4,.450,1.6,4.2,.375,3.1,6.2,.500,.525,2.8,3.6,.787,0.2,3.0,3.1,4.9,1.0,0.4,2.3,1.9,13.7
265,Shaun Livingston\livinsh01,PG,31,GSW,64,2,17.4,2.2,4.2,.521,0.0,0.0,.000,2.2,4.1,.525,.521,0.5,0.8,.660,0.3,1.5,1.9,1.7,0.5,0.3,0.8,1.6,4.9
266,Shawn Long\longsh01,PF,24,PHI,7,0,8.3,1.7,2.7,.632,0.1,0.3,.500,1.6,2.4,.647,.658,1.1,2.4,.471,1.0,2.0,3.0,0.7,0.3,0.9,0.6,2.4,4.7
267,Kevon Looney\looneke01,C,20,GSW,50,4,8.7,1.1,2.1,.529,0.0,0.2,.222,1.1,1.9,.558,.538,0.4,0.7,.618,0.8,1.6,2.4,0.6,0.3,0.3,0.3,1.3,2.7
268,Brook Lopez\lopezbr01,C,28,BRK,63,63,29.7,7.3,15.6,.471,1.8,5.1,.354,5.5,10.5,.529,.530,4.2,5.1,.821,1.5,3.7,5.2,2.4,0.5,1.7,2.5,2.6,20.7
269,Robin Lopez\lopezro01,C,28,CHI,70,70,28.0,4.7,9.5,.494,0.0,0.0,.000,4.7,9.5,.495,.494,0.9,1.2,.718,3.2,3.3,6.5,1.0,0.2,1.5,1.1,1.9,10.3
270,Kevin Love\loveke01,PF,28,CLE,48,48,31.5,6.3,14.7,.430,2.5,6.7,.381,3.8,8.0,.470,.516,4.7,5.3,.875,2.5,8.6,11.1,1.8,0.9,0.3,2.1,1.8,19.8
271,Kyle Lowry\lowryky01,PG,30,TOR,56,56,37.7,7.2,15.5,.463,3.3,7.9,.417,3.9,7.6,.512,.570,5.1,6.1,.826,0.8,3.9,4.8,6.9,1.4,0.3,2.8,2.9,22.8
272,John Lucas III\lucasjo02,PG,34,MIN,5,0,2.2,0.2,0.8,.250,0.0,0.2,.000,0.2,0.6,.333,.250,0.0,0.0,,0.0,0.0,0.0,0.2,0.4,0.0,0.0,0.0,0.4
273,Timothe Luwawu-Cabarrot\luwawti01,SF,21,PHI,57,7,14.2,1.6,4.0,.392,0.5,1.5,.310,1.1,2.5,.443,.452,1.3,1.5,.828,0.3,1.5,1.8,0.8,0.3,0.1,0.9,2.0,4.9
274,Trey Lyles\lylestr01,PF,21,UTA,64,4,17.6,2.5,6.7,.368,1.0,3.1,.322,1.5,3.6,.408,.443,0.8,1.1,.712,0.7,2.8,3.5,1.1,0.4,0.3,1.0,1.5,6.7
275,Shelvin Mack\macksh01,PG,26,UTA,46,9,21.4,3.0,6.7,.440,0.7,2.1,.316,2.3,4.6,.498,.490,0.8,1.2,.660,0.3,1.8,2.2,2.8,0.8,0.0,1.8,1.7,7.3
276,Ian Mahinmi\mahinia01,C,30,WAS,20,0,17.0,1.9,3.5,.551,0.0,0.0,,1.9,3.5,.551,.551,1.3,2.2,.591,1.3,3.0,4.3,0.6,1.0,0.9,1.1,2.6,5.1
277,Thon Maker\makerth01,PF,19,MIL,44,21,8.3,1.2,2.9,.417,0.5,1.3,.390,0.7,1.5,.441,.508,0.5,0.8,.676,0.5,1.1,1.7,0.3,0.2,0.4,0.2,1.3,3.5
278,Boban Marjanovic\marjabo01,C,28,DET,28,0,6.5,1.4,2.8,.487,0.0,0.0,,1.4,2.8,.487,.487,1.1,1.4,.789,1.1,1.9,3.0,0.3,0.1,0.3,0.3,0.5,3.8
279,Jarell Martin\martija01,PF,22,MEM,40,3,13.5,1.4,3.6,.378,0.2,0.6,.360,1.1,3.0,.381,.409,1.0,1.2,.792,0.9,2.9,3.9,0.2,0.4,0.2,0.7,2.3,3.9
280,Wesley Matthews\matthwe02,SG,30,DAL,63,63,34.6,4.8,12.0,.398,2.5,6.7,.374,2.3,5.3,.429,.503,2.2,2.7,.825,0.2,3.3,3.6,2.6,1.1,0.2,1.4,2.3,14.3
281,Luc Mbah a Moute\mbahalu01,PF,30,LAC,69,65,21.9,2.3,4.7,.497,0.5,1.3,.376,1.8,3.3,.546,.551,0.7,1.0,.725,0.6,1.7,2.3,0.5,1.0,0.4,0.6,1.6,5.9
282,James Michael McAdoo\mcadoja01,PF,24,GSW,41,0,9.0,1.3,2.3,.559,0.0,0.1,.000,1.3,2.2,.578,.559,0.2,0.6,.308,0.6,1.1,1.7,0.4,0.3,0.6,0.4,1.0,2.7
283,Patrick McCaw\mccawpa01,SG,21,GSW,60,13,14.7,1.4,3.3,.426,0.6,1.7,.340,0.8,1.6,.521,.515,0.4,0.5,.742,0.3,1.1,1.4,1.1,0.4,0.2,0.5,0.8,3.8
284,Sheldon McClellan\mcclesh01,SG,24,WAS,28,3,9.0,0.9,2.3,.375,0.2,0.9,.231,0.6,1.4,.474,.422,0.6,0.8,.857,0.1,0.9,1.1,0.5,0.3,0.1,0.1,0.6,2.6
285,C.J. McCollum\mccolcj01,SG,25,POR,69,69,35.1,8.7,18.1,.482,2.4,5.7,.421,6.3,12.4,.510,.548,3.4,3.8,.903,0.7,2.9,3.7,3.6,1.0,0.6,2.2,2.7,23.2
286,T.J. McConnell\mccontj01,PG,24,PHI,69,39,25.6,2.8,6.1,.467,0.1,0.6,.209,2.7,5.4,.496,.477,0.8,1.0,.783,0.5,2.6,3.0,6.4,1.5,0.1,1.8,1.8,6.6
287,Chris McCullough\mcculch01,PF,21,TOT,15,0,4.9,1.1,2.1,.516,0.1,0.4,.167,1.0,1.7,.600,.532,0.2,0.3,.600,0.6,0.5,1.1,0.1,0.1,0.1,0.1,0.5,2.4
287,Chris McCullough\mcculch01,PF,21,BRK,14,0,5.1,1.1,2.2,.516,0.1,0.4,.167,1.1,1.8,.600,.532,0.1,0.2,.667,0.6,0.6,1.2,0.1,0.1,0.1,0.1,0.5,2.5
287,Chris McCullough\mcculch01,PF,21,WAS,1,0,2.0,0.0,0.0,,0.0,0.0,,0.0,0.0,,,1.0,2.0,.500,0.0,0.0,0.0,0.0,0.0,0.0,0.0,0.0,1.0
288,K.J. McDaniels\mcdankj01,SF,23,TOT,39,0,7.7,1.1,2.5,.439,0.3,1.0,.308,0.8,1.5,.525,.500,0.4,0.4,.875,0.3,0.9,1.2,0.2,0.3,0.2,0.4,0.9,2.9
288,K.J. McDaniels\mcdankj01,SF,23,HOU,29,0,7.3,1.1,2.3,.456,0.3,0.9,.333,0.8,1.4,.537,.522,0.3,0.3,.900,0.2,0.8,1.0,0.1,0.2,0.3,0.3,0.8,2.8
288,K.J. McDaniels\mcdankj01,SF,23,BRK,10,0,8.8,1.2,3.0,.400,0.3,1.2,.250,0.9,1.8,.500,.450,0.5,0.6,.833,0.5,1.0,1.5,0.3,0.5,0.1,0.4,1.0,3.2
289,Doug McDermott\mcderdo01,SF,25,TOT,57,4,23.8,3.5,8.0,.441,1.2,3.2,.373,2.3,4.8,.487,.516,1.2,1.4,.883,0.3,2.5,2.8,1.0,0.2,0.1,0.6,1.3,9.5
289,Doug McDermott\mcderdo01,SF,25,CHI,44,4,24.5,3.8,8.5,.445,1.3,3.4,.376,2.5,5.1,.491,.520,1.3,1.5,.881,0.3,2.6,3.0,1.0,0.3,0.1,0.7,1.3,10.2
289,Doug McDermott\mcderdo01,SF,25,OKC,13,0,21.5,2.7,6.4,.422,1.0,2.8,.361,1.7,3.6,.468,.500,0.7,0.8,.900,0.2,2.2,2.4,0.8,0.0,0.0,0.4,1.2,7.1
290,JaVale McGee\mcgeeja01,C,29,GSW,65,10,9.3,2.5,3.9,.647,0.0,0.1,.000,2.5,3.9,.657,.647,0.7,1.3,.494,1.1,1.8,2.9,0.2,0.2,0.8,0.5,1.4,5.7
291,Rodney McGruder\mcgruro01,SG,25,MIA,66,53,25.1,2.4,5.8,.412,1.0,2.8,.344,1.4,3.0,.477,.496,0.6,0.9,.633,1.3,2.0,3.2,1.5,0.6,0.2,0.6,1.8,6.3
292,Ben McLemore\mclembe01,SG,23,SAC,49,25,18.4,2.6,6.3,.414,1.1,2.7,.397,1.6,3.6,.427,.498,0.9,1.1,.786,0.3,1.4,1.7,0.8,0.5,0.1,0.9,1.6,7.2
293,Jordan McRae\mcraejo01,SG,25,CLE,37,4,10.4,1.6,4.1,.387,0.5,1.4,.353,1.1,2.7,.404,.447,0.7,0.9,.794,0.2,0.9,1.1,0.5,0.2,0.2,0.4,0.8,4.4
294,Josh McRoberts\mcrobjo01,PF,29,MIA,22,14,17.3,2.0,5.4,.373,0.6,1.4,.419,1.4,4.0,.356,.428,0.3,0.4,.667,1.0,2.3,3.4,2.3,0.5,0.2,1.0,1.4,4.9
295,Jodie Meeks\meeksjo01,SG,29,ORL,25,9,21.6,2.8,7.1,.401,1.4,3.7,.391,1.4,3.4,.412,.503,1.8,2.0,.882,0.1,2.2,2.3,1.5,1.1,0.1,1.0,1.2,8.9
296,Salah Mejri\mejrisa01,C,30,DAL,62,11,12.7,1.1,1.7,.654,0.0,0.0,.000,1.1,1.6,.667,.654,0.5,0.7,.609,1.3,3.1,4.4,0.2,0.5,0.9,0.6,2.2,2.6
297,Jordan Mickey\mickejo01,PF,22,BOS,23,1,5.9,0.7,1.4,.455,0.0,0.0,.000,0.7,1.4,.469,.455,0.3,0.5,.583,0.6,0.8,1.4,0.3,0.1,0.2,0.4,0.5,1.6
298,Khris Middleton\middlkh01,SG,25,MIL,17,11,28.5,5.0,10.1,.494,1.4,3.0,.451,3.6,7.1,.512,.561,3.6,4.1,.871,0.3,3.4,3.7,3.6,1.1,0.2,2.2,2.7,14.9
299,C.J. Miles\milescj01,SF,29,IND,64,27,23.5,3.8,8.5,.441,2.3,5.5,.417,1.5,3.1,.482,.574,1.0,1.1,.890,0.3,2.7,3.0,0.6,0.6,0.4,0.5,2.0,10.8
300,Mike Miller\millemi01,SF,36,DEN,16,0,5.3,0.4,0.9,.429,0.4,0.8,.500,0.0,0.1,.000,.643,0.1,0.1,1.000,0.1,1.1,1.3,0.8,0.1,0.0,0.6,0.4,1.3
301,Patty Mills\millspa02,PG,28,SAS,68,7,22.0,3.5,8.0,.441,1.9,4.6,.413,1.7,3.5,.479,.559,0.9,1.0,.841,0.3,1.5,1.8,3.5,0.9,0.0,1.2,1.4,9.8
302,Paul Millsap\millspa01,PF,31,ATL,65,65,34.3,6.3,14.2,.443,1.1,3.5,.314,5.2,10.7,.485,.482,4.4,5.8,.761,1.6,6.1,7.7,3.8,1.3,1.0,2.3,2.7,18.1
303,Nikola Mirotic\mirotni01,PF,25,CHI,58,3,22.9,3.2,8.4,.388,1.6,5.1,.305,1.7,3.3,.516,.480,1.4,1.8,.776,0.8,4.4,5.2,1.0,0.7,0.8,1.1,1.8,9.5
304,Greg Monroe\monrogr01,C,26,MIL,68,0,22.5,4.8,9.0,.531,0.0,0.0,.000,4.8,9.0,.533,.531,2.3,3.0,.744,2.1,4.5,6.6,2.3,1.2,0.5,1.6,2.1,11.8
305,E'Twaun Moore\mooreet01,SG,27,NOP,63,21,25.3,4.0,8.7,.457,1.1,2.9,.388,2.9,5.8,.492,.522,0.7,1.0,.767,0.5,1.7,2.2,2.2,0.7,0.4,0.9,1.9,9.9
306,Marcus Morris\morrima03,SF,27,DET,69,69,33.0,5.4,12.9,.418,1.6,4.7,.331,3.8,8.2,.467,.478,1.9,2.3,.790,1.0,3.8,4.8,2.1,0.7,0.3,1.1,2.0,14.2
307,Markieff Morris\morrima02,PF,27,WAS,66,66,31.9,5.3,11.9,.451,0.9,2.6,.349,4.4,9.3,.480,.489,2.5,3.0,.835,1.5,5.2,6.7,1.8,1.2,0.6,1.7,3.4,14.1
308,Anthony Morrow\morroan01,SG,31,TOT,42,7,15.1,2.1,5.3,.390,0.9,2.9,.300,1.2,2.5,.495,.471,0.5,0.6,.885,0.3,0.4,0.7,0.5,0.5,0.0,0.2,1.0,5.5
308,Anthony Morrow\morroan01,SG,31,OKC,40,7,15.7,2.2,5.6,.387,0.9,3.0,.294,1.3,2.6,.495,.466,0.6,0.7,.885,0.3,0.5,0.7,0.5,0.5,0.1,0.2,1.0,5.8
308,Anthony Morrow\morroan01,SG,31,CHI,2,0,4.5,0.5,0.5,1.000,0.5,0.5,1.000,0.0,0.0,,1.500,0.0,0.0,,0.0,0.0,0.0,0.0,0.0,0.0,0.0,0.5,1.5
309,Donatas Motiejunas\motiedo01,PF,26,NOP,27,0,13.9,1.6,3.5,.442,0.3,1.3,.265,1.2,2.3,.541,.489,0.7,1.4,.474,0.8,2.4,3.2,1.0,0.5,0.3,1.0,1.8,4.1
310,Timofey Mozgov\mozgoti01,C,30,LAL,54,52,20.4,3.1,6.1,.515,0.0,0.0,.000,3.1,6.1,.517,.515,1.2,1.4,.808,1.9,3.0,4.9,0.8,0.3,0.6,1.3,2.5,7.4
311,Emmanuel Mudiay\mudiaem01,PG,20,DEN,49,41,26.1,3.8,10.3,.371,1.1,3.4,.315,2.8,6.9,.398,.423,2.3,3.0,.781,0.5,2.8,3.3,3.9,0.8,0.2,2.3,1.8,11.0
312,Shabazz Muhammad\muhamsh01,SF,24,MIN,65,1,19.9,3.6,7.6,.481,0.7,1.9,.355,3.0,5.6,.523,.525,1.8,2.3,.783,1.0,1.9,2.9,0.5,0.3,0.1,0.7,1.2,9.8
313,Dejounte Murray\murrade01,PG,20,SAS,37,8,8.5,1.3,3.1,.426,0.2,0.6,.391,1.1,2.5,.435,.465,0.6,0.8,.700,0.2,1.0,1.1,1.3,0.2,0.2,1.0,0.8,3.5
314,Jamal Murray\murraja01,SG,19,DEN,70,4,20.4,3.4,8.6,.401,1.4,4.0,.340,2.1,4.5,.454,.481,1.2,1.4,.866,0.5,2.0,2.6,1.8,0.6,0.3,1.4,1.5,9.4
315,Mike Muscala\muscami01,C,25,ATL,58,3,18.2,2.5,4.9,.502,0.6,1.6,.402,1.8,3.4,.549,.566,0.8,1.1,.758,1.2,2.4,3.5,1.3,0.4,0.7,0.8,1.5,6.4
316,Larry Nance Jr.\nancela02,PF,24,LAL,51,0,21.8,2.9,5.3,.546,0.1,0.5,.261,2.8,4.8,.573,.558,0.8,1.1,.754,1.6,3.7,5.3,1.4,1.3,0.6,0.9,2.4,6.7
317,Shabazz Napier\napiesh01,PG,25,POR,44,0,9.2,1.2,3.0,.386,0.6,1.7,.347,0.6,1.3,.439,.485,0.5,0.7,.710,0.1,0.9,1.0,1.3,0.7,0.0,0.7,0.7,3.4
318,Maurice Ndour\ndourma01,PF,24,NYK,22,0,6.8,0.8,1.8,.450,0.0,0.2,.200,0.8,1.6,.486,.463,0.4,0.5,.900,0.4,0.9,1.3,0.0,0.4,0.1,0.2,0.8,2.1
319,Gary Neal\nealga01,SG,32,ATL,2,0,9.0,0.0,3.5,.000,0.0,1.0,.000,0.0,2.5,.000,.000,2.0,2.0,1.000,0.0,0.5,0.5,0.5,0.0,0.0,0.0,0.5,2.0
320,Jameer Nelson\nelsoja01,PG,34,DEN,69,33,27.1,3.6,8.1,.445,1.4,3.6,.382,2.2,4.5,.495,.530,0.6,0.8,.719,0.4,2.2,2.6,5.0,0.7,0.1,1.7,2.6,9.1
321,Raul Neto\netora01,PG,24,UTA,36,0,7.9,0.9,2.1,.434,0.2,0.7,.280,0.7,1.4,.510,.480,0.2,0.2,.857,0.1,0.6,0.6,0.7,0.5,0.1,0.4,1.0,2.2
322,Georges Niang\niangge01,PF,23,IND,22,0,4.1,0.4,1.6,.250,0.0,0.5,.083,0.4,1.1,.333,.264,0.1,0.1,1.000,0.1,0.6,0.7,0.2,0.1,0.0,0.2,0.3,1.0
323,Andrew Nicholson\nichoan01,PF,27,TOT,33,0,8.5,1.2,2.9,.396,0.2,0.7,.217,1.0,2.2,.452,.422,0.3,0.4,.643,0.4,1.1,1.5,0.3,0.4,0.2,0.4,1.4,2.7
323,Andrew Nicholson\nichoan01,PF,27,WAS,28,0,8.3,1.1,2.8,.390,0.1,0.6,.188,1.0,2.2,.443,.409,0.3,0.4,.583,0.4,0.8,1.2,0.3,0.4,0.2,0.4,1.3,2.5
323,Andrew Nicholson\nichoan01,PF,27,BRK,5,0,10.0,1.6,3.8,.421,0.4,1.4,.286,1.2,2.4,.500,.474,0.4,0.4,1.000,0.6,2.8,3.4,0.6,0.6,0.0,0.4,1.6,4.0
324,Joakim Noah\noahjo01,C,31,NYK,46,46,22.1,2.2,4.3,.495,0.0,0.0,.000,2.2,4.3,.497,.495,0.7,1.7,.436,3.5,5.2,8.7,2.2,0.7,0.8,1.3,2.8,5.0
325,Nerlens Noel\noelne01,C,22,TOT,38,8,20.3,3.7,6.1,.606,0.0,0.0,.000,3.7,6.1,.609,.606,1.5,2.2,.690,1.7,3.7,5.5,1.0,1.3,1.0,1.0,2.6,8.9
325,Nerlens Noel\noelne01,C,22,PHI,29,7,19.4,3.7,6.0,.611,0.0,0.0,.000,3.7,6.0,.615,.611,1.5,2.2,.683,1.6,3.4,5.0,1.0,1.5,0.9,1.0,2.4,8.9
325,Nerlens Noel\noelne01,C,22,DAL,9,1,23.1,3.7,6.2,.589,0.0,0.0,,3.7,6.2,.589,.589,1.7,2.3,.714,2.2,4.9,7.1,1.0,0.7,1.2,0.9,3.0,9.0
326,Lucas Nogueira\noguelu01,C,24,TOR,54,6,19.9,1.9,2.8,.673,0.1,0.2,.300,1.9,2.6,.699,.683,0.8,1.2,.657,1.5,2.9,4.4,0.7,0.9,1.7,0.8,2.5,4.7
327,Steve Novak\novakst01,PF,33,MIL,8,0,2.8,0.3,0.9,.286,0.1,0.8,.167,0.1,0.1,1.000,.357,0.0,0.0,,0.0,0.4,0.4,0.0,0.0,0.0,0.0,0.1,0.6
328,Dirk Nowitzki\nowitdi01,PF,38,DAL,43,43,26.4,5.5,12.6,.439,1.6,4.0,.387,4.0,8.6,.463,.501,1.8,2.1,.856,0.4,6.2,6.6,1.5,0.6,0.7,0.9,2.1,14.4
329,Jusuf Nurkic\nurkiju01,C,22,TOT,59,42,20.8,3.9,7.7,.504,0.0,0.0,.000,3.9,7.7,.505,.504,1.7,3.0,.562,2.2,4.5,6.7,1.8,0.8,1.1,2.2,2.4,9.5
329,Jusuf Nurkic\nurkiju01,C,22,DEN,45,29,17.9,3.4,6.6,.507,0.0,0.0,,3.4,6.6,.507,.507,1.2,2.5,.496,2.0,3.8,5.8,1.3,0.6,0.8,1.8,2.0,8.0
329,Jusuf Nurkic\nurkiju01,C,22,POR,14,13,29.9,5.6,11.3,.500,0.0,0.1,.000,5.6,11.2,.503,.500,3.1,4.6,.677,2.9,6.6,9.6,3.5,1.4,2.1,3.3,3.8,14.4
330,David Nwaba\nwabada01,SG,24,LAL,10,2,14.4,1.3,2.7,.481,0.0,0.1,.000,1.3,2.6,.500,.481,1.0,1.5,.667,0.4,1.6,2.0,0.3,0.3,0.6,0.1,1.7,3.6
331,Johnny O'Bryant\obryajo01,PF,23,TOT,11,0,7.3,1.4,2.7,.500,0.3,0.5,.500,1.1,2.2,.500,.550,0.5,0.5,.833,0.8,0.9,1.7,0.5,0.0,0.1,0.5,0.9,3.5
331,Johnny O'Bryant\obryajo01,PF,23,DEN,7,0,6.6,1.0,2.1,.467,0.3,0.4,.667,0.7,1.7,.417,.533,0.6,0.6,1.000,0.7,0.9,1.6,0.3,0.0,0.1,0.4,0.6,2.9
331,Johnny O'Bryant\obryajo01,PF,23,CHO,4,0,8.5,2.0,3.8,.533,0.3,0.8,.333,1.8,3.0,.583,.567,0.3,0.5,.500,1.0,1.0,2.0,1.0,0.0,0.0,0.8,1.5,4.5
332,Kyle O'Quinn\oquinky01,PF,26,NYK,67,8,15.3,2.8,5.2,.537,0.0,0.2,.071,2.8,5.0,.557,.539,0.7,1.0,.742,2.0,3.5,5.5,1.4,0.5,1.3,0.9,2.2,6.3
333,Daniel Ochefu\ochefda01,C,23,WAS,15,0,3.3,0.5,1.1,.438,0.0,0.0,,0.5,1.1,.438,.438,0.0,0.1,.000,0.1,0.9,1.0,0.1,0.1,0.0,0.2,0.9,0.9
334,Jahlil Okafor\okafoja01,C,21,PHI,49,32,22.8,4.9,9.5,.514,0.0,0.0,,4.9,9.5,.514,.514,2.2,3.2,.671,1.7,3.2,4.9,1.1,0.4,1.0,1.8,2.5,11.9
335,Victor Oladipo\oladivi01,SG,24,OKC,55,55,33.3,6.3,14.0,.453,2.0,5.3,.383,4.3,8.7,.495,.525,1.7,2.3,.746,0.6,3.7,4.3,2.5,1.2,0.3,1.6,2.3,16.4
336,Kelly Olynyk\olynyke01,C,25,BOS,64,5,20.8,3.4,6.7,.509,0.9,2.6,.353,2.5,4.1,.608,.578,1.2,1.6,.731,1.0,3.8,4.8,2.0,0.6,0.4,1.4,2.7,9.0
337,Arinze Onuaku\onuakar01,C,29,ORL,8,0,3.5,0.3,0.5,.500,0.0,0.0,,0.3,0.5,.500,.500,0.0,0.0,,0.3,0.5,0.8,0.3,0.0,0.1,0.3,0.4,0.5
338,Chinanu Onuaku\onuakch01,C,20,HOU,2,0,5.0,1.0,1.0,1.000,0.0,0.0,,1.0,1.0,1.000,1.000,1.0,1.0,1.000,0.5,1.0,1.5,0.5,0.5,0.0,0.0,0.5,3.0
339,Kelly Oubre\oubreke01,SF,21,WAS,67,2,19.1,2.1,5.1,.407,0.7,2.3,.287,1.4,2.7,.511,.473,0.8,1.0,.765,0.6,2.4,3.1,0.6,0.7,0.2,0.6,2.4,5.6
340,Zaza Pachulia\pachuza01,C,32,GSW,58,58,18.4,2.4,4.5,.536,0.0,0.0,.000,2.4,4.5,.538,.536,1.5,2.0,.759,2.1,3.9,6.0,2.0,0.9,0.5,1.2,2.4,6.4
341,Georgios Papagiannis\papagge01,C,19,SAC,11,0,8.9,1.2,2.5,.481,0.0,0.0,,1.2,2.5,.481,.481,0.4,0.4,1.000,0.7,2.4,3.1,0.1,0.2,0.6,0.3,1.2,2.7
342,Jabari Parker\parkeja01,PF,21,MIL,51,50,33.9,7.8,16.0,.490,1.3,3.5,.365,6.5,12.5,.525,.530,3.2,4.3,.743,1.5,4.6,6.1,2.8,1.0,0.4,1.8,2.2,20.1
343,Tony Parker\parketo01,PG,34,SAS,51,51,25.5,4.3,9.2,.473,0.4,1.1,.362,3.9,8.0,.489,.496,1.3,1.7,.753,0.2,1.7,1.9,4.7,0.5,0.0,1.4,1.4,10.4
344,Chandler Parsons\parsoch01,SF,28,MEM,34,34,19.9,2.2,6.5,.338,0.7,2.7,.269,1.5,3.8,.388,.394,1.0,1.3,.814,0.2,2.3,2.5,1.6,0.6,0.1,0.7,1.5,6.2
345,Lamar Patterson\pattela01,SG,25,ATL,5,0,8.0,0.6,3.0,.200,0.2,1.2,.167,0.4,1.8,.222,.233,0.4,0.6,.667,0.2,1.2,1.4,1.2,0.2,0.0,0.8,1.2,1.8
346,Patrick Patterson\pattepa01,PF,27,TOR,53,7,25.4,2.3,6.0,.386,1.5,4.1,.367,0.8,2.0,.423,.509,0.7,1.0,.709,1.0,3.8,4.8,1.2,0.7,0.4,0.6,1.9,6.9
347,Chris Paul\paulch01,PG,31,LAC,50,50,31.3,5.9,12.6,.467,2.1,5.0,.415,3.8,7.6,.500,.548,3.6,4.1,.873,0.6,4.4,5.0,9.3,2.0,0.1,2.4,2.5,17.4
348,Adreian Payne\paynead01,PF,25,MIN,12,0,7.7,1.4,3.3,.436,0.2,0.8,.200,1.3,2.4,.517,.462,1.0,1.3,.800,0.5,1.2,1.7,0.3,0.4,0.3,0.6,1.8,4.0
349,Cameron Payne\payneca01,PG,22,TOT,29,0,15.8,2.2,6.6,.333,0.9,2.9,.318,1.3,3.7,.346,.404,0.2,0.3,.625,0.1,1.4,1.6,1.9,0.5,0.2,1.0,1.8,5.5
349,Cameron Payne\payneca01,PG,22,OKC,20,0,16.0,2.2,6.5,.331,0.8,2.6,.308,1.4,3.9,.346,.392,0.2,0.2,1.000,0.1,1.5,1.6,2.0,0.5,0.3,0.8,1.9,5.3
349,Cameron Payne\payneca01,PG,22,CHI,9,0,15.3,2.3,6.9,.339,1.2,3.7,.333,1.1,3.2,.345,.427,0.1,0.4,.250,0.1,1.4,1.6,1.7,0.4,0.0,1.4,1.4,6.0
350,Elfrid Payton\paytoel01,PG,22,ORL,71,47,29.1,5.1,11.0,.467,0.5,1.9,.258,4.6,9.1,.509,.488,1.6,2.4,.686,1.0,3.5,4.5,6.0,1.2,0.5,2.1,2.2,12.3
351,Paul Pierce\piercpa01,SF,39,LAC,16,7,12.2,1.3,3.3,.396,0.8,2.1,.353,0.6,1.2,.474,.509,0.5,0.6,.800,0.1,1.8,1.9,0.4,0.2,0.3,0.7,1.8,3.9
352,Marshall Plumlee\plumlma02,C,24,NYK,12,0,7.5,0.4,0.8,.556,0.0,0.0,,0.4,0.8,.556,.556,0.4,1.0,.417,0.8,1.2,1.9,0.5,0.1,0.2,0.5,1.1,1.3
353,Mason Plumlee\plumlma01,C,26,TOT,69,61,27.4,4.2,7.8,.539,0.0,0.1,.000,4.2,7.7,.545,.539,2.2,3.9,.572,2.1,5.8,7.9,3.9,0.9,1.1,1.7,2.8,10.6
353,Mason Plumlee\plumlma01,C,26,POR,54,54,28.1,4.4,8.2,.532,0.0,0.1,.000,4.4,8.1,.538,.532,2.4,4.1,.567,2.2,5.8,8.0,4.0,0.9,1.2,1.6,2.8,11.1
353,Mason Plumlee\plumlma01,C,26,DEN,15,7,25.1,3.6,6.3,.574,0.0,0.1,.000,3.6,6.2,.581,.574,1.8,3.0,.600,1.9,5.6,7.5,3.5,0.8,1.1,1.7,2.9,9.0
354,Miles Plumlee\plumlmi01,C,28,TOT,37,12,10.2,1.0,2.1,.481,0.0,0.0,,1.0,2.1,.481,.481,0.6,0.9,.629,0.8,1.2,2.0,0.5,0.3,0.3,0.7,1.5,2.6
354,Miles Plumlee\plumlmi01,C,28,MIL,32,12,9.7,0.9,2.1,.441,0.0,0.0,,0.9,2.1,.441,.441,0.7,1.1,.629,0.7,0.9,1.7,0.6,0.3,0.3,0.7,1.5,2.6
354,Miles Plumlee\plumlmi01,C,28,CHO,5,0,13.4,1.6,2.2,.727,0.0,0.0,,1.6,2.2,.727,.727,0.0,0.0,,1.0,3.0,4.0,0.4,0.2,0.6,0.6,1.8,3.2
355,Jakob Poeltl\poeltja01,C,21,TOR,42,4,10.8,1.0,1.9,.506,0.0,0.0,,1.0,1.9,.506,.506,0.6,1.0,.571,1.4,1.5,2.9,0.2,0.3,0.3,0.5,2.0,2.5
356,Otto Porter\porteot01,SF,23,WAS,70,70,33.7,5.4,10.4,.521,2.0,4.4,.445,3.4,6.0,.577,.615,1.3,1.6,.818,1.4,5.2,6.6,1.6,1.6,0.5,0.6,2.5,14.0
357,Bobby Portis\portibo01,PF,21,CHI,52,13,14.6,2.5,5.3,.471,0.4,1.3,.313,2.1,4.0,.522,.509,0.6,0.9,.688,1.1,3.0,4.1,0.5,0.2,0.2,0.6,1.4,6.0
358,Kristaps Porzingis\porzikr01,PF,21,NYK,59,58,32.8,6.6,14.9,.444,1.8,4.9,.363,4.9,10.1,.484,.504,2.9,3.7,.785,1.7,5.5,7.3,1.5,0.7,2.0,1.7,3.7,18.0
359,Dwight Powell\poweldw01,C,25,DAL,66,1,17.3,2.5,4.6,.533,0.1,0.5,.250,2.3,4.1,.566,.546,1.4,1.8,.767,1.3,2.8,4.2,0.7,0.9,0.5,0.4,1.8,6.4
360,Norman Powell\powelno01,SG,23,TOR,66,17,18.1,3.0,6.6,.447,0.7,2.2,.319,2.3,4.4,.510,.500,1.6,2.1,.794,0.3,1.9,2.3,1.1,0.7,0.2,0.8,1.7,8.2
361,Ronnie Price\pricero01,PG,33,PHO,6,0,6.8,0.2,0.8,.200,0.2,0.5,.333,0.0,0.3,.000,.300,0.2,0.3,.500,0.2,0.5,0.7,0.3,0.7,0.0,0.2,0.3,0.7
362,Tim Quarterman\quartti01,SG,22,POR,13,0,3.4,0.6,1.0,.615,0.2,0.5,.500,0.4,0.5,.714,.731,0.0,0.0,,0.2,0.3,0.5,0.6,0.1,0.2,0.3,0.3,1.5
363,Chasson Randle\randlch01,PG,23,TOT,15,0,10.4,1.4,3.3,.420,0.7,1.7,.400,0.7,1.7,.440,.520,1.5,1.5,.957,0.2,0.9,1.1,1.5,0.3,0.1,0.4,1.5,4.9
363,Chasson Randle\randlch01,PG,23,PHI,8,0,9.3,1.5,3.3,.462,0.8,1.9,.400,0.8,1.4,.545,.577,1.5,1.5,1.000,0.0,0.6,0.6,0.8,0.4,0.1,0.4,1.4,5.3
363,Chasson Randle\randlch01,PG,23,NYK,7,0,11.7,1.3,3.4,.375,0.6,1.4,.400,0.7,2.0,.357,.458,1.4,1.6,.909,0.4,1.1,1.6,2.3,0.1,0.0,0.4,1.7,4.6
364,Julius Randle\randlju01,PF,22,LAL,62,61,28.9,5.0,10.5,.482,0.2,0.7,.244,4.9,9.8,.498,.490,2.7,3.9,.711,2.0,6.6,8.7,3.8,0.7,0.5,2.4,3.5,13.0
365,Zach Randolph\randoza01,PF,35,MEM,62,3,24.1,6.0,13.1,.459,0.3,1.2,.260,5.7,11.8,.480,.472,1.8,2.5,.729,2.6,5.6,8.1,1.6,0.5,0.1,1.3,1.9,14.1
366,J.J. Redick\redicjj01,SG,32,LAC,68,68,28.0,5.1,11.4,.442,2.5,6.0,.415,2.6,5.5,.472,.550,2.1,2.4,.879,0.2,2.0,2.2,1.4,0.7,0.1,1.3,1.6,14.7
367,Willie Reed\reedwi02,C,26,MIA,59,5,14.4,2.2,4.0,.555,0.0,0.1,.250,2.2,4.0,.560,.557,0.7,1.2,.549,1.8,2.8,4.6,0.4,0.3,0.7,0.4,1.8,5.2
368,Josh Richardson\richajo01,SG,23,MIA,41,22,28.8,3.6,9.3,.382,1.2,4.1,.298,2.3,5.2,.449,.448,1.1,1.4,.759,0.6,2.7,3.3,2.5,0.9,0.5,1.2,2.5,9.4
369,Malachi Richardson\richama01,SG,21,SAC,22,0,9.0,1.3,3.1,.412,0.4,1.3,.286,0.9,1.8,.500,.471,0.7,0.9,.789,0.1,0.9,1.0,0.5,0.2,0.0,0.4,1.0,3.6
370,Austin Rivers\riverau01,SG,24,LAC,69,28,27.8,4.4,9.9,.443,1.5,4.1,.379,2.9,5.9,.488,.520,1.8,2.6,.687,0.3,1.8,2.1,2.8,0.7,0.1,1.6,2.6,12.1
371,Andre Roberson\roberan03,SF,25,OKC,70,70,30.3,2.7,5.8,.471,0.6,2.4,.263,2.1,3.4,.620,.526,0.6,1.5,.423,1.2,3.8,5.1,1.0,1.1,1.0,0.7,2.5,6.8
372,Brian Roberts\roberbr01,PG,31,CHO,33,0,8.7,0.8,2.4,.354,0.4,0.9,.419,0.5,1.5,.313,.437,0.8,0.9,.871,0.1,0.8,0.9,1.2,0.2,0.0,0.5,0.4,2.9
373,Glenn Robinson\robingl02,SF,23,IND,68,27,20.9,2.3,5.0,.469,0.7,1.8,.392,1.6,3.1,.514,.542,0.8,1.1,.711,0.8,2.8,3.6,0.7,0.6,0.3,0.5,0.9,6.2
374,Thomas Robinson\robinth01,PF,25,LAL,39,1,10.5,1.6,3.2,.512,0.0,0.0,,1.6,3.2,.512,.512,0.5,1.1,.465,1.6,2.6,4.3,0.6,0.5,0.2,0.7,1.5,3.8
375,Sergio Rodriguez\rodrise01,PG,30,PHI,65,30,22.2,3.0,7.9,.383,1.3,3.7,.358,1.7,4.2,.404,.467,0.3,0.4,.667,0.3,2.0,2.3,5.1,0.7,0.1,1.9,1.4,7.6
376,Rajon Rondo\rondora01,PG,30,CHI,60,33,26.2,3.1,7.7,.395,0.6,1.8,.352,2.4,5.9,.408,.436,0.4,0.7,.605,1.0,3.9,4.9,6.4,1.3,0.2,2.3,2.0,7.2
377,Derrick Rose\rosede01,PG,28,NYK,61,61,32.5,7.1,15.2,.465,0.2,1.0,.217,6.9,14.2,.483,.472,3.5,4.0,.868,1.0,2.8,3.9,4.4,0.7,0.3,2.3,1.4,17.8
378,Terrence Ross\rosste01,SF,25,TOT,67,13,24.3,4.0,9.3,.429,1.7,4.9,.357,2.3,4.5,.508,.522,0.8,1.0,.821,0.3,2.5,2.7,1.0,1.0,0.4,0.8,1.7,10.6
378,Terrence Ross\rosste01,SF,25,TOR,54,0,22.4,3.9,8.9,.441,1.8,4.7,.375,2.1,4.1,.516,.541,0.8,0.9,.820,0.3,2.3,2.6,0.8,1.0,0.4,0.6,1.5,10.4
378,Terrence Ross\rosste01,SF,25,ORL,13,13,32.2,4.4,11.2,.393,1.5,5.3,.290,2.8,5.8,.487,.462,1.1,1.3,.824,0.2,3.2,3.4,1.7,1.2,0.6,1.5,2.7,11.4
379,Terry Rozier\roziete01,PG,22,BOS,66,0,17.7,2.0,5.7,.360,0.8,2.5,.327,1.2,3.2,.385,.431,0.7,0.9,.797,0.6,2.5,3.1,1.8,0.6,0.2,0.7,0.9,5.6
380,Ricky Rubio\rubiori01,PG,26,MIN,63,63,32.4,3.2,7.8,.411,0.8,2.6,.311,2.4,5.3,.459,.461,3.0,3.4,.873,0.9,3.0,3.9,8.9,1.8,0.1,2.5,2.7,10.2
381,Damjan Rudez\rudezda01,SF,30,ORL,40,0,7.4,0.7,2.0,.338,0.5,1.6,.306,0.2,0.5,.444,.456,0.0,0.0,,0.1,0.5,0.6,0.5,0.3,0.0,0.2,0.8,1.8
382,Brandon Rush\rushbr01,SG,31,MIN,34,20,21.4,1.5,4.1,.367,0.9,2.4,.386,0.6,1.6,.339,.482,0.3,0.4,.750,0.4,1.9,2.2,1.0,0.5,0.5,0.5,0.8,4.2
383,D'Angelo Russell\russeda01,PG,20,LAL,54,51,27.6,5.5,13.6,.408,2.1,6.0,.359,3.4,7.6,.446,.487,2.1,2.8,.745,0.5,3.0,3.6,4.7,1.4,0.3,2.7,2.0,15.3
384,Domantas Sabonis\sabondo01,PF,20,OKC,70,64,20.8,2.4,6.0,.408,0.6,2.0,.312,1.8,4.0,.457,.461,0.4,0.7,.617,0.6,3.1,3.6,1.1,0.5,0.4,1.0,2.5,5.9
385,Larry Sanders\sandela01,C,28,CLE,1,0,2.0,0.0,1.0,.000,0.0,0.0,,0.0,1.0,.000,.000,0.0,0.0,,0.0,0.0,0.0,0.0,0.0,0.0,0.0,2.0,0.0
386,Dario Saric\saricda01,PF,22,PHI,70,25,26.1,4.6,11.2,.416,1.3,4.1,.324,3.3,7.1,.469,.475,2.0,2.5,.783,1.4,4.9,6.3,2.2,0.7,0.3,2.1,2.0,12.6
387,Tomas Satoransky\satorto01,SG,25,WAS,51,2,12.6,1.0,2.4,.419,0.2,0.6,.258,0.9,1.8,.473,.452,0.4,0.6,.677,0.5,1.1,1.5,1.5,0.5,0.1,0.6,1.1,2.6
388,Dennis Schroder\schrode01,PG,23,ATL,69,68,31.0,6.8,15.0,.453,1.2,3.7,.333,5.6,11.3,.492,.494,2.8,3.3,.844,0.5,2.5,3.0,6.2,0.9,0.2,3.1,1.7,17.7
389,Luis Scola\scolalu01,PF,36,BRK,36,1,12.8,2.0,4.2,.470,0.5,1.4,.340,1.5,2.8,.535,.526,0.7,1.0,.676,1.4,2.4,3.9,1.0,0.4,0.1,0.9,1.8,5.1
390,Mike Scott\scottmi01,PF,28,ATL,18,0,10.8,0.9,3.2,.293,0.2,1.5,.148,0.7,1.7,.419,.328,0.4,0.4,.875,0.6,1.5,2.1,0.9,0.2,0.2,0.4,0.7,2.5
391,Thabo Sefolosha\sefolth01,SF,32,ATL,58,40,25.8,2.9,6.5,.447,0.7,2.0,.342,2.2,4.5,.492,.499,0.9,1.2,.732,0.8,3.5,4.3,1.8,1.6,0.5,0.9,1.6,7.4
392,Wayne Selden\seldewa01,SG,22,TOT,4,3,12.0,1.3,2.0,.625,1.0,1.8,.571,0.3,0.3,1.000,.875,1.0,1.5,.667,0.0,1.3,1.3,0.3,0.5,0.0,0.8,1.5,4.5
392,Wayne Selden\seldewa01,SG,22,NOP,3,3,15.7,1.7,2.7,.625,1.3,2.3,.571,0.3,0.3,1.000,.875,0.7,1.3,.500,0.0,1.7,1.7,0.3,0.7,0.0,1.0,2.0,5.3
392,Wayne Selden\seldewa01,SG,22,MEM,1,0,1.0,0.0,0.0,,0.0,0.0,,0.0,0.0,,,2.0,2.0,1.000,0.0,0.0,0.0,0.0,0.0,0.0,0.0,0.0,2.0
393,Kevin Seraphin\serapke01,PF,27,IND,41,3,11.3,2.1,3.8,.558,0.0,0.0,.000,2.1,3.8,.565,.558,0.1,0.2,.500,0.9,2.0,2.9,0.5,0.1,0.4,0.5,1.3,4.4
394,Ramon Sessions\sessira01,PG,30,CHO,50,1,16.2,2.0,5.3,.380,0.4,1.2,.339,1.6,4.0,.393,.420,1.8,2.4,.771,0.2,1.2,1.5,2.6,0.5,0.1,0.9,0.9,6.2
395,Iman Shumpert\shumpim01,SG,26,CLE,65,29,25.9,2.8,6.7,.413,1.4,3.7,.375,1.4,3.0,.459,.516,0.9,1.2,.782,0.5,2.5,3.0,1.5,0.8,0.3,0.9,2.0,7.9
396,Pascal Siakam\siakapa01,PF,22,TOR,52,38,15.9,1.9,3.8,.508,0.0,0.1,.167,1.9,3.6,.519,.510,0.4,0.6,.688,1.2,2.2,3.3,0.3,0.5,0.8,0.6,2.0,4.3
397,Jonathon Simmons\simmojo02,SG,27,SAS,65,3,17.6,2.2,5.2,.429,0.4,1.2,.312,1.9,4.0,.464,.464,1.4,1.8,.774,0.3,1.8,2.1,1.6,0.6,0.4,1.0,1.9,6.2
398,Kyle Singler\singlky01,SF,28,OKC,28,0,10.2,0.8,2.0,.400,0.2,0.9,.231,0.6,1.0,.552,.455,0.3,0.4,.818,0.1,1.0,1.1,0.2,0.1,0.1,0.4,0.8,2.1
399,Marcus Smart\smartma01,PG,22,BOS,68,24,30.5,3.5,9.6,.368,1.1,4.0,.282,2.4,5.6,.430,.427,2.5,3.2,.800,1.0,2.9,3.9,4.4,1.6,0.4,2.0,2.4,10.7
400,Ish Smith\smithis01,PG,28,DET,69,21,23.2,3.6,8.3,.432,0.3,1.1,.241,3.3,7.2,.463,.449,0.8,1.2,.683,0.2,2.5,2.7,5.1,0.8,0.4,1.4,1.5,8.3
401,J.R. Smith\smithjr01,SG,31,CLE,28,22,27.7,2.9,8.8,.329,2.2,6.5,.337,0.7,2.3,.308,.453,0.4,0.5,.667,0.4,2.1,2.5,1.2,1.0,0.3,0.6,2.0,8.3
402,Jason Smith\smithja02,C,30,WAS,63,2,13.9,2.3,4.2,.543,0.3,0.6,.526,2.0,3.6,.546,.581,0.5,0.7,.667,0.9,2.4,3.3,0.5,0.3,0.7,0.7,2.3,5.4
403,Tony Snell\snellto01,SG,25,MIL,68,68,28.9,3.1,6.7,.457,1.8,4.4,.405,1.3,2.3,.558,.591,0.6,0.8,.796,0.3,3.0,3.3,1.2,0.6,0.2,0.7,1.6,8.5
404,Marreese Speights\speigma01,C,29,LAC,71,2,15.8,3.1,6.9,.446,1.3,3.4,.377,1.8,3.4,.514,.540,1.6,1.9,.872,1.0,3.5,4.5,0.8,0.3,0.5,0.8,2.7,9.0
405,Nik Stauskas\stausni01,SG,23,PHI,68,27,27.2,3.1,7.7,.402,1.6,4.3,.369,1.5,3.4,.443,.505,1.5,1.8,.806,0.3,2.6,2.9,2.2,0.6,0.4,1.6,1.8,9.2
406,Lance Stephenson\stephla01,SG,26,TOT,12,0,19.1,3.0,6.3,.474,0.1,1.0,.083,2.9,5.3,.547,.480,0.5,0.8,.600,0.3,2.1,2.3,2.8,0.2,0.1,1.3,1.7,6.6
406,Lance Stephenson\stephla01,SG,26,NOP,6,0,27.0,4.3,9.2,.473,0.2,1.7,.100,4.2,7.5,.556,.482,0.8,1.3,.625,0.5,2.5,3.0,4.8,0.3,0.2,1.8,3.0,9.7
406,Lance Stephenson\stephla01,SG,26,MIN,6,0,11.2,1.7,3.5,.476,0.0,0.3,.000,1.7,3.2,.526,.476,0.2,0.3,.500,0.0,1.7,1.7,0.8,0.0,0.0,0.7,0.3,3.5
407,Jarnell Stokes\stokeja01,PF,23,DEN,2,0,3.5,0.5,0.5,1.000,0.0,0.0,,0.5,0.5,1.000,1.000,0.5,1.0,.500,0.5,0.5,1.0,1.0,0.5,0.0,0.0,1.5,1.5
408,Diamond Stone\stonedi01,C,19,LAC,7,0,3.4,0.4,1.9,.231,0.0,0.0,,0.4,1.9,.231,.231,0.6,0.6,1.000,0.1,0.7,0.9,0.0,0.0,0.1,0.3,0.7,1.4
409,Rodney Stuckey\stuckro01,PG,30,IND,37,0,17.9,2.4,6.3,.386,0.5,1.6,.322,1.9,4.7,.408,.427,2.2,2.9,.748,0.2,2.0,2.2,2.2,0.4,0.0,1.4,1.1,7.5
410,Jared Sullinger\sullija01,PF,24,TOR,11,1,10.7,1.4,4.4,.313,0.3,1.6,.167,1.1,2.7,.400,.344,0.4,0.7,.500,0.9,1.5,2.5,0.3,0.4,0.1,0.4,1.5,3.4
411,Walter Tavares\tavarwa01,C,24,ATL,1,0,4.0,1.0,1.0,1.000,0.0,0.0,,1.0,1.0,1.000,1.000,0.0,2.0,.000,0.0,1.0,1.0,0.0,0.0,0.0,0.0,0.0,2.0
412,Jeff Teague\teaguje01,PG,28,IND,70,70,32.3,4.8,11.0,.437,1.0,2.9,.358,3.8,8.2,.464,.483,4.4,5.1,.865,0.5,3.9,4.3,7.9,1.3,0.4,2.8,2.0,15.1
413,Mirza Teletovic\teletmi01,PF,31,MIL,57,2,15.8,2.2,5.8,.373,1.4,4.2,.342,0.7,1.6,.457,.497,0.6,0.8,.767,0.2,2.1,2.3,0.7,0.2,0.2,0.6,1.6,6.4
414,Garrett Temple\templga01,SG,30,SAC,57,18,26.6,2.8,6.4,.434,1.2,3.3,.372,1.6,3.1,.500,.530,1.0,1.3,.781,0.5,2.2,2.7,2.5,1.2,0.4,1.1,2.2,7.8
415,Jason Terry\terryja01,SG,39,MIL,61,0,18.1,1.3,3.2,.406,0.9,2.3,.388,0.4,1.0,.448,.543,0.4,0.4,.815,0.2,1.1,1.4,1.4,0.6,0.2,0.4,1.3,3.9
416,Isaiah Thomas\thomais02,PG,27,BOS,65,65,34.1,9.0,19.6,.460,3.2,8.5,.380,5.8,11.1,.521,.542,7.8,8.6,.909,0.5,2.1,2.6,6.0,1.0,0.1,2.7,2.2,29.1
417,Lance Thomas\thomala01,PF,28,NYK,45,14,20.8,2.1,5.3,.401,0.8,1.9,.452,1.3,3.4,.373,.481,1.0,1.1,.843,0.7,2.3,3.0,0.7,0.5,0.1,0.6,1.8,6.0
418,Hollis Thompson\thompho01,SG,25,TOT,40,9,18.8,1.9,5.0,.385,0.8,2.4,.337,1.1,2.6,.429,.465,0.5,0.7,.655,0.5,2.3,2.8,0.9,0.5,0.2,0.3,1.7,5.1
418,Hollis Thompson\thompho01,SG,25,PHI,31,1,18.1,2.1,5.1,.415,0.8,2.3,.366,1.3,2.8,.455,.497,0.4,0.6,.650,0.5,2.2,2.7,0.8,0.5,0.2,0.3,1.8,5.5
418,Hollis Thompson\thompho01,SG,25,NOP,9,8,21.2,1.2,4.6,.268,0.7,2.7,.250,0.6,1.9,.294,.341,0.7,1.0,.667,0.4,2.7,3.1,1.0,0.7,0.0,0.2,1.6,3.8
419,Klay Thompson\thompkl01,SG,26,GSW,67,67,34.1,8.3,17.6,.469,3.3,8.1,.412,4.9,9.5,.518,.564,2.4,2.9,.850,0.7,3.0,3.7,2.1,0.8,0.5,1.7,1.8,22.3
420,Tristan Thompson\thomptr01,C,25,CLE,69,69,30.1,3.3,5.6,.587,0.0,0.0,.000,3.3,5.6,.591,.587,1.4,2.8,.495,3.8,5.8,9.6,1.0,0.5,1.1,0.8,2.3,8.0
421,Marcus Thornton\thornma01,SG,29,WAS,33,1,17.4,2.5,6.4,.400,0.8,2.4,.350,1.7,3.9,.431,.467,0.7,0.8,.852,0.7,1.6,2.3,1.2,0.6,0.1,0.8,1.5,6.6
422,Mike Tobey\tobeymi01,C,22,CHO,2,0,12.5,0.5,2.0,.250,0.0,0.0,,0.5,2.0,.250,.250,0.0,0.0,,1.0,0.5,1.5,0.5,0.0,0.0,0.5,1.0,1.0
423,Anthony Tolliver\tollian01,PF,31,SAC,57,9,23.0,2.4,5.4,.443,1.4,3.5,.401,1.0,1.9,.523,.574,0.9,1.2,.761,0.8,2.9,3.8,1.1,0.5,0.2,0.8,1.7,7.1
424,Axel Toupane\toupaax01,SF,24,MIL,2,0,3.0,0.0,0.5,.000,0.0,0.5,.000,0.0,0.0,,.000,0.0,0.0,,0.0,0.0,0.0,0.0,0.0,0.0,0.0,0.5,0.0
425,Karl-Anthony Towns\townska01,C,21,MIN,69,69,36.8,9.6,18.0,.535,1.2,3.4,.355,8.4,14.6,.578,.569,4.1,5.0,.818,3.7,8.5,12.2,2.8,0.6,1.3,2.7,3.0,24.6
426,P.J. Tucker\tuckepj01,SF,31,TOT,70,18,27.7,2.5,6.0,.412,0.8,2.3,.331,1.7,3.7,.462,.475,1.0,1.3,.764,1.5,4.3,5.8,1.2,1.4,0.3,0.8,2.4,6.7
426,P.J. Tucker\tuckepj01,SF,31,PHO,57,17,28.5,2.6,6.2,.415,0.8,2.4,.338,1.8,3.8,.463,.480,1.1,1.4,.792,1.6,4.4,6.0,1.3,1.5,0.2,0.9,2.5,7.0
426,P.J. Tucker\tuckepj01,SF,31,TOR,13,1,23.9,2.0,5.1,.394,0.5,1.8,.292,1.5,3.2,.452,.447,0.5,0.9,.583,0.8,3.9,4.8,1.0,1.2,0.3,0.5,1.8,5.1
427,Evan Turner\turneev01,SG,28,POR,52,10,26.0,3.8,8.9,.428,0.5,2.0,.275,3.3,6.9,.471,.458,1.3,1.6,.854,0.6,3.3,3.9,3.3,0.8,0.3,1.6,1.9,9.5
428,Myles Turner\turnemy01,C,20,IND,69,69,31.0,5.5,10.9,.508,0.5,1.5,.333,5.0,9.3,.536,.531,3.1,3.9,.805,1.6,5.4,7.1,1.3,0.9,2.1,1.3,3.3,14.7
429,Beno Udrih\udrihbe01,PG,34,DET,30,0,14.0,2.3,5.0,.453,0.3,0.9,.357,1.9,4.1,.475,.487,0.8,0.9,.923,0.2,1.1,1.3,3.0,0.2,0.0,0.8,0.7,5.7
430,Tyler Ulis\ulisty01,PG,21,PHO,49,3,13.3,2.1,5.2,.410,0.2,0.8,.231,2.0,4.4,.442,.428,0.7,0.8,.821,0.2,0.8,1.0,2.7,0.7,0.1,0.9,1.0,5.1
431,Jarrod Uthoff\uthofja01,PF,23,DAL,2,0,2.5,0.0,0.5,.000,0.0,0.0,,0.0,0.5,.000,.000,0.0,0.0,,0.5,0.0,0.5,0.0,0.0,0.5,0.0,1.0,0.0
432,Jonas Valanciunas\valanjo01,C,24,TOR,68,68,26.0,4.9,8.9,.548,0.0,0.0,,4.9,8.9,.548,.548,2.3,2.8,.825,2.9,6.7,9.6,0.7,0.4,0.8,1.4,2.8,12.1
433,Denzel Valentine\valende01,SG,23,CHI,45,0,15.8,1.7,4.8,.364,1.2,3.5,.344,0.5,1.3,.421,.491,0.2,0.3,.769,0.2,2.4,2.5,1.1,0.5,0.1,0.8,1.3,4.9
434,Fred VanVleet\vanvlfr01,PG,22,TOR,30,0,7.8,1.1,3.1,.344,0.3,0.8,.417,0.7,2.3,.319,.398,0.5,0.5,.875,0.1,1.0,1.1,0.9,0.5,0.1,0.4,1.0,2.9
435,Anderson Varejao\varejan01,C,34,GSW,14,1,6.6,0.4,1.0,.357,0.0,0.0,,0.4,1.0,.357,.357,0.6,0.8,.727,0.9,1.1,1.9,0.7,0.2,0.2,0.6,1.1,1.3
436,Greivis Vasquez\vasqugr01,PG,30,BRK,3,0,13.0,0.7,2.7,.250,0.3,1.0,.333,0.3,1.7,.200,.313,0.7,1.0,.667,0.0,0.7,0.7,1.7,0.3,0.3,0.3,2.0,2.3
437,Rashad Vaughn\vaughra01,SG,20,MIL,33,1,11.1,1.3,3.6,.361,0.7,2.0,.328,0.6,1.6,.404,.454,0.0,0.1,.500,0.1,1.3,1.3,0.4,0.5,0.3,0.3,0.8,3.3
438,Noah Vonleh\vonleno01,PF,21,POR,61,28,14.8,1.5,3.3,.463,0.1,0.3,.350,1.4,3.0,.475,.480,0.7,1.2,.577,1.4,3.1,4.5,0.3,0.3,0.3,0.9,1.9,3.9
439,Nikola Vucevic\vucevni01,C,26,ORL,64,44,28.8,6.5,13.8,.470,0.3,1.0,.297,6.2,12.8,.484,.481,1.5,2.3,.664,2.4,7.9,10.3,2.7,1.0,1.0,1.7,2.4,14.8
440,Sasha Vujacic\vujacsa01,SG,32,NYK,32,2,7.6,0.7,2.2,.324,0.4,1.3,.310,0.3,0.9,.345,.415,0.4,0.5,.800,0.1,1.0,1.1,0.8,0.3,0.1,0.3,0.8,2.2
441,Dwyane Wade\wadedw01,SG,35,CHI,57,56,30.2,7.0,16.2,.434,0.8,2.5,.315,6.2,13.7,.455,.458,3.8,4.8,.793,1.1,3.4,4.5,3.9,1.5,0.7,2.2,1.9,18.6
442,Dion Waiters\waitedi01,SG,25,MIA,46,43,30.1,6.1,14.4,.423,1.8,4.7,.394,4.3,9.7,.438,.487,1.8,2.8,.646,0.4,3.0,3.3,4.3,0.9,0.4,2.2,2.1,15.8
443,Kemba Walker\walkeke02,PG,26,CHO,69,69,34.5,8.0,18.0,.445,2.9,7.3,.402,5.1,10.7,.474,.526,3.7,4.4,.849,0.6,3.5,4.0,5.5,1.1,0.3,2.2,1.6,22.7
444,John Wall\walljo01,PG,26,WAS,68,68,36.7,8.2,18.3,.446,1.1,3.5,.314,7.1,14.8,.477,.476,5.4,6.7,.805,0.8,3.5,4.3,10.8,2.0,0.6,4.2,1.9,22.9
445,Taurean Waller-Prince\princta02,SF,22,ATL,47,0,13.3,1.5,3.8,.393,0.4,1.3,.333,1.0,2.4,.426,.452,1.0,1.2,.842,0.4,2.0,2.4,0.7,0.6,0.4,0.9,1.3,4.4
446,T.J. Warren\warretj01,SF,23,PHO,57,50,30.4,5.8,11.9,.490,0.4,1.6,.233,5.5,10.4,.529,.505,1.8,2.3,.785,1.8,2.9,4.7,1.1,1.1,0.6,0.8,2.7,13.8
447,C.J. Watson\watsocj01,PG,32,ORL,56,9,16.4,1.6,3.9,.400,0.6,1.6,.337,1.0,2.3,.445,.470,1.0,1.1,.871,0.2,1.2,1.4,1.7,0.7,0.0,0.7,1.3,4.7
448,Briante Weber\weberbr01,PG,24,TOT,13,0,8.6,1.3,2.7,.486,0.0,0.3,.000,1.3,2.4,.548,.486,0.3,0.5,.667,0.2,1.1,1.2,0.9,0.7,0.1,0.4,0.6,2.9
448,Briante Weber\weberbr01,PG,24,GSW,7,0,6.6,0.7,2.0,.357,0.0,0.4,.000,0.7,1.6,.455,.357,0.3,0.4,.667,0.0,0.6,0.6,0.7,0.4,0.1,0.4,0.6,1.7
448,Briante Weber\weberbr01,PG,24,CHO,6,0,11.0,2.0,3.5,.571,0.0,0.2,.000,2.0,3.3,.600,.571,0.3,0.5,.667,0.3,1.7,2.0,1.2,1.0,0.0,0.3,0.7,4.3
449,David West\westda01,PF,36,GSW,56,0,11.9,1.8,3.4,.528,0.0,0.1,.400,1.8,3.4,.532,.534,0.6,0.8,.733,0.6,2.3,2.9,2.1,0.6,0.6,1.0,1.5,4.3
450,Russell Westbrook\westbru01,PG,28,OKC,70,70,34.7,10.1,24.1,.418,2.3,6.9,.336,7.7,17.2,.451,.466,9.0,10.7,.842,1.7,8.8,10.5,10.3,1.7,0.4,5.4,2.4,31.4
451,Okaro White\whiteok01,PF,24,MIA,24,0,14.7,1.0,2.7,.391,0.4,1.0,.417,0.6,1.7,.375,.469,0.8,0.8,.900,0.8,1.8,2.7,0.6,0.3,0.3,0.5,1.8,3.3
452,Isaiah Whitehead\whiteis01,PG,21,BRK,61,26,22.2,2.9,7.1,.403,0.7,2.1,.323,2.2,5.0,.436,.450,1.2,1.5,.815,0.3,2.1,2.4,2.6,0.5,0.5,2.0,2.5,7.6
453,Hassan Whiteside\whiteha01,C,27,MIA,65,65,32.8,7.0,12.5,.561,0.0,0.0,,7.0,12.5,.561,.561,2.7,4.4,.611,3.7,10.5,14.2,0.7,0.7,2.1,2.0,2.9,16.7
454,Andrew Wiggins\wiggian01,SF,21,MIN,69,69,37.2,8.5,18.7,.452,1.2,3.4,.346,7.3,15.3,.476,.484,4.8,6.4,.759,1.3,2.8,4.1,2.3,1.0,0.4,2.3,2.2,23.0
455,C.J. Wilcox\wilcocj01,SG,26,ORL,20,0,5.0,0.4,1.4,.259,0.1,0.7,.143,0.3,0.7,.385,.296,0.1,0.1,1.000,0.2,0.4,0.6,0.6,0.1,0.1,0.3,0.3,0.9
456,Alan Williams\willial03,PF,24,PHO,36,0,13.7,2.8,5.3,.532,0.0,0.0,,2.8,5.3,.532,.532,1.3,2.0,.616,1.9,3.7,5.6,0.5,0.6,0.8,0.7,2.5,6.9
457,Deron Williams\willide01,PG,32,TOT,51,42,27.5,4.4,10.1,.433,1.4,3.9,.350,3.0,6.1,.486,.501,1.5,1.9,.832,0.3,2.2,2.5,6.2,0.5,0.1,2.2,2.3,11.6
457,Deron Williams\willide01,PG,32,DAL,40,40,29.3,4.9,11.4,.430,1.6,4.5,.348,3.3,6.8,.484,.499,1.7,2.1,.821,0.3,2.2,2.6,6.9,0.6,0.1,2.4,2.4,13.1
457,Deron Williams\willide01,PG,32,CLE,11,2,21.0,2.5,5.4,.458,0.6,1.7,.368,1.8,3.6,.500,.517,0.9,1.0,.909,0.0,2.1,2.1,3.8,0.3,0.3,1.3,1.7,6.5
458,Derrick Williams\willide02,PF,25,TOT,41,11,17.6,2.4,5.5,.440,0.7,2.2,.300,1.8,3.3,.533,.500,1.4,2.1,.644,0.5,2.5,3.0,0.6,0.3,0.2,0.6,1.4,6.9
458,Derrick Williams\willide02,PF,25,MIA,25,11,15.1,2.2,5.5,.394,0.4,1.8,.200,1.8,3.7,.489,.427,1.2,2.0,.620,0.6,2.3,2.9,0.6,0.4,0.2,0.6,1.3,5.9
458,Derrick Williams\willide02,PF,25,CLE,16,0,21.6,2.8,5.5,.511,1.1,2.8,.400,1.7,2.7,.628,.614,1.6,2.3,.676,0.2,2.8,3.0,0.7,0.3,0.1,0.8,1.5,8.3
459,Lou Williams\willilo02,SG,30,TOT,71,1,24.1,5.4,12.4,.436,2.1,5.5,.383,3.3,6.8,.478,.521,5.0,5.6,.880,0.3,2.0,2.3,3.0,1.1,0.3,1.9,1.2,17.8
459,Lou Williams\willilo02,SG,30,LAL,58,1,24.2,5.6,12.7,.444,2.1,5.4,.386,3.5,7.2,.488,.527,5.2,5.9,.884,0.2,2.1,2.3,3.2,1.1,0.2,2.1,1.2,18.6
459,Lou Williams\willilo02,SG,30,HOU,13,0,23.7,4.3,11.0,.392,2.2,5.8,.368,2.2,5.2,.418,.490,3.8,4.4,.860,0.4,1.9,2.3,2.5,0.8,0.6,1.4,1.4,14.5
460,Marvin Williams\willima02,PF,30,CHO,64,64,30.1,4.1,9.6,.428,1.6,4.8,.343,2.5,4.8,.513,.514,1.7,2.0,.857,1.2,5.2,6.3,1.5,0.7,0.7,0.8,1.8,11.5
461,Reggie Williams\willire02,SF,30,NOP,6,0,13.2,1.3,3.8,.348,0.8,1.8,.455,0.5,2.0,.250,.457,1.0,1.2,.857,0.3,0.7,1.0,0.7,0.5,0.0,0.0,0.3,4.5
462,Troy Williams\willitr02,SF,22,MEM,24,13,17.4,2.1,5.1,.418,0.4,1.7,.244,1.7,3.4,.506,.459,0.6,1.0,.600,0.3,1.6,1.9,0.8,1.0,0.4,1.1,1.8,5.3
463,Kyle Wiltjer\wiltjky01,PF,24,HOU,12,0,3.2,0.3,1.1,.308,0.3,1.0,.333,0.0,0.1,.000,.462,0.1,0.2,.500,0.3,0.5,0.8,0.2,0.3,0.1,0.3,0.3,1.1
464,Justise Winslow\winslju01,SF,20,MIA,18,15,34.7,4.4,12.5,.356,0.4,1.9,.200,4.1,10.6,.384,.371,1.6,2.6,.617,1.3,3.9,5.2,3.7,1.5,0.3,1.8,2.9,10.9
465,Jeff Withey\witheje01,C,26,UTA,41,1,8.4,0.9,1.9,.500,0.0,0.0,.000,0.9,1.8,.507,.500,0.6,0.8,.765,0.9,1.4,2.3,0.1,0.3,0.6,0.3,1.0,2.5
466,Christian Wood\woodch01,PF,21,CHO,12,0,7.8,0.8,1.7,.500,0.0,0.4,.000,0.8,1.3,.667,.500,0.9,1.1,.846,1.1,1.1,2.2,0.2,0.3,0.5,0.5,0.8,2.6
467,Metta World Peace\artesro01,SF,37,LAL,20,1,4.4,0.3,1.5,.207,0.1,0.9,.118,0.2,0.6,.333,.241,0.4,0.6,.583,0.2,0.4,0.6,0.4,0.2,0.1,0.2,0.7,1.1
468,Brandan Wright\wrighbr03,PF,29,MEM,16,2,13.4,3.0,4.8,.623,0.0,0.1,.000,3.0,4.8,.632,.623,0.8,1.3,.650,1.3,1.5,2.8,0.4,0.4,0.4,0.3,1.4,6.8
469,Delon Wright\wrighde01,PG,24,TOR,15,0,16.8,1.9,4.6,.406,0.3,1.2,.278,1.5,3.4,.451,.442,1.9,2.3,.824,0.5,1.3,1.8,1.6,0.9,0.5,0.7,1.4,5.9
470,James Young\youngja01,SG,21,BOS,25,0,8.0,1.0,2.2,.444,0.4,1.2,.355,0.5,0.9,.565,.546,0.2,0.3,.714,0.2,0.7,1.0,0.2,0.3,0.0,0.2,0.5,2.6
471,Joe Young\youngjo01,PG,24,IND,28,0,4.5,0.9,2.4,.358,0.2,0.8,.217,0.7,1.6,.432,.396,0.3,0.5,.692,0.0,0.5,0.5,0.5,0.1,0.0,0.2,0.2,2.2
472,Nick Young\youngni01,SG,31,LAL,60,60,25.9,4.5,10.6,.430,2.8,7.0,.404,1.7,3.5,.481,.564,1.3,1.5,.856,0.4,1.9,2.3,1.0,0.6,0.2,0.6,2.3,13.2
473,Thaddeus Young\youngth01,PF,28,IND,62,62,30.3,4.7,9.0,.522,0.7,1.8,.395,4.0,7.1,.555,.563,0.6,1.3,.506,1.5,4.3,5.9,1.6,1.6,0.4,1.4,1.9,10.8
474,Cody Zeller\zelleco01,PF,24,CHO,50,46,27.5,4.2,7.3,.573,0.0,0.0,.000,4.2,7.3,.574,.573,2.1,3.2,.656,2.2,4.3,6.5,1.5,0.9,1.0,1.1,3.2,10.5
475,Tyler Zeller\zellety01,C,27,BOS,44,5,10.4,1.5,3.1,.489,0.0,0.0,.000,1.5,3.1,.493,.489,0.4,0.7,.586,0.9,1.6,2.6,0.8,0.2,0.5,0.4,1.2,3.4
476,Stephen Zimmerman\zimmest01,C,20,ORL,15,0,5.5,0.6,1.7,.360,0.0,0.0,,0.6,1.7,.360,.360,0.1,0.2,.667,0.5,1.2,1.7,0.2,0.1,0.1,0.1,0.6,1.3
477,Paul Zipser\zipsepa01,SF,22,CHI,32,9,16.7,1.6,4.3,.377,0.6,2.0,.313,1.0,2.3,.432,.449,0.7,0.9,.759,0.3,2.2,2.6,0.5,0.3,0.3,0.8,1.4,4.6
478,Ivica Zubac\zubaciv01,C,19,LAL,33,6,15.3,3.2,6.0,.540,0.0,0.0,.000,3.2,6.0,.543,.540,0.7,1.2,.600,1.2,3.0,4.2,0.6,0.3,0.9,0.7,1.5,7.2
